0 4 0.004 0.0125 200 2920.1 0.07 0.007 90 365 10 2920.01 
1 4 0.004 0.0125 400 2920.1 0.07 0.007 90 365 10 2920.01 
2 4 0.004 0.0125 200 2920.1 0.07 0.007 90 365 10 2934.61 
3 4 0.004 0.0125 400 2920.1 0.07 0.007 90 365 10 2934.61 
4 4 0.004 0.0125 200 2920.1 0.07 0.007 90 365 10 2949.21 
5 4 0.004 0.0125 400 2920.1 0.07 0.007 90 365 10 2949.21 
6 4 0.004 0.0125 200 2920.1 0.07 0.007 90 365 10 2963.81 
7 4 0.004 0.0125 400 2920.1 0.07 0.007 90 365 10 2963.81 
8 4 0.004 0.0125 200 2920.1 0.07 0.007 90 365 10 2978.41 
9 4 0.004 0.0125 400 2920.1 0.07 0.007 90 365 10 2978.41 
10 4 0.004 0.0125 200 2920.1 0.07 0.007 90 365 10 2993.01 
11 4 0.004 0.0125 400 2920.1 0.07 0.007 90 365 10 2993.01 
12 4 0.004 0.0125 200 2920.1 0.07 0.007 90 365 10 3007.61 
13 4 0.004 0.0125 400 2920.1 0.07 0.007 90 365 10 3007.61 
14 4 0.004 0.0125 200 2920.1 0.07 0.007 90 365 10 3022.2 
15 4 0.004 0.0125 400 2920.1 0.07 0.007 90 365 10 3022.2 
16 4 0.004 0.0125 200 2920.1 0.07 0.007 90 365 10 3036.8 
17 4 0.004 0.0125 400 2920.1 0.07 0.007 90 365 10 3036.8 
18 4 0.004 0.0125 200 2920.1 0.07 0.007 90 365 10 3051.4 
19 4 0.004 0.0125 400 2920.1 0.07 0.007 90 365 10 3051.4 
20 4 0.004 0.0125 200 2920.1 0.07 0.007 90 365 10 3066 
21 4 0.004 0.0125 400 2920.1 0.07 0.007 90 365 10 3066 
22 4 0.004 0.0125 200 2920.1 0.07 0.007 90 365 10 3080.6 
23 4 0.004 0.0125 400 2920.1 0.07 0.007 90 365 10 3080.6 
24 4 0.004 0.0125 200 2920.1 0.07 0.007 90 365 10 3095.2 
25 4 0.004 0.0125 400 2920.1 0.07 0.007 90 365 10 3095.2 
26 4 0.004 0.0125 200 2920.1 0.07 0.007 90 365 10 3109.8 
27 4 0.004 0.0125 400 2920.1 0.07 0.007 90 365 10 3109.8 
28 4 0.004 0.0125 200 2920.1 0.07 0.007 90 365 10 3124.4 
29 4 0.004 0.0125 400 2920.1 0.07 0.007 90 365 10 3124.4 
30 4 0.004 0.0125 200 2920.1 0.07 0.007 90 365 10 3139 
31 4 0.004 0.0125 400 2920.1 0.07 0.007 90 365 10 3139 
32 4 0.004 0.0125 200 2920.1 0.07 0.007 90 365 10 3153.6 
33 4 0.004 0.0125 400 2920.1 0.07 0.007 90 365 10 3153.6 
34 4 0.004 0.0125 200 2920.1 0.07 0.007 90 365 10 3168.2 
35 4 0.004 0.0125 400 2920.1 0.07 0.007 90 365 10 3168.2 
36 4 0.004 0.0125 200 2920.1 0.07 0.007 90 365 10 3182.8 
37 4 0.004 0.0125 400 2920.1 0.07 0.007 90 365 10 3182.8 
38 4 0.004 0.0125 200 2920.1 0.07 0.007 90 365 10 3197.39 
39 4 0.004 0.0125 400 2920.1 0.07 0.007 90 365 10 3197.39 
40 4 0.004 0.0125 200 2920.1 0.07 0.007 90 365 10 3211.99 
41 4 0.004 0.0125 400 2920.1 0.07 0.007 90 365 10 3211.99 
42 4 0.004 0.0125 200 2920.1 0.07 0.007 90 365 10 3226.59 
43 4 0.004 0.0125 400 2920.1 0.07 0.007 90 365 10 3226.59 
44 4 0.004 0.0125 200 2920.1 0.07 0.007 90 365 10 3241.19 
45 4 0.004 0.0125 400 2920.1 0.07 0.007 90 365 10 3241.19 
46 4 0.004 0.0125 200 2920.1 0.07 0.007 90 365 10 3255.79 
47 4 0.004 0.0125 400 2920.1 0.07 0.007 90 365 10 3255.79 
48 4 0.004 0.0125 200 2920.1 0.07 0.007 90 365 10 3270.39 
49 4 0.004 0.0125 400 2920.1 0.07 0.007 90 365 10 3270.39 
50 4 0.004 0.0125 200 2920.1 0.07 0.007 90 365 10 3284.99 
51 4 0.004 0.0125 400 2920.1 0.07 0.007 90 365 10 3284.99 
52 4 0.004 0.0187 200 2920.1 0.07 0.007 90 365 10 2920.01 
53 4 0.004 0.0187 400 2920.1 0.07 0.007 90 365 10 2920.01 
54 4 0.004 0.0187 200 2920.1 0.07 0.007 90 365 10 2934.61 
55 4 0.004 0.0187 400 2920.1 0.07 0.007 90 365 10 2934.61 
56 4 0.004 0.0187 200 2920.1 0.07 0.007 90 365 10 2949.21 
57 4 0.004 0.0187 400 2920.1 0.07 0.007 90 365 10 2949.21 
58 4 0.004 0.0187 200 2920.1 0.07 0.007 90 365 10 2963.81 
59 4 0.004 0.0187 400 2920.1 0.07 0.007 90 365 10 2963.81 
60 4 0.004 0.0187 200 2920.1 0.07 0.007 90 365 10 2978.41 
61 4 0.004 0.0187 400 2920.1 0.07 0.007 90 365 10 2978.41 
62 4 0.004 0.0187 200 2920.1 0.07 0.007 90 365 10 2993.01 
63 4 0.004 0.0187 400 2920.1 0.07 0.007 90 365 10 2993.01 
64 4 0.004 0.0187 200 2920.1 0.07 0.007 90 365 10 3007.61 
65 4 0.004 0.0187 400 2920.1 0.07 0.007 90 365 10 3007.61 
66 4 0.004 0.0187 200 2920.1 0.07 0.007 90 365 10 3022.2 
67 4 0.004 0.0187 400 2920.1 0.07 0.007 90 365 10 3022.2 
68 4 0.004 0.0187 200 2920.1 0.07 0.007 90 365 10 3036.8 
69 4 0.004 0.0187 400 2920.1 0.07 0.007 90 365 10 3036.8 
70 4 0.004 0.0187 200 2920.1 0.07 0.007 90 365 10 3051.4 
71 4 0.004 0.0187 400 2920.1 0.07 0.007 90 365 10 3051.4 
72 4 0.004 0.0187 200 2920.1 0.07 0.007 90 365 10 3066 
73 4 0.004 0.0187 400 2920.1 0.07 0.007 90 365 10 3066 
74 4 0.004 0.0187 200 2920.1 0.07 0.007 90 365 10 3080.6 
75 4 0.004 0.0187 400 2920.1 0.07 0.007 90 365 10 3080.6 
76 4 0.004 0.0187 200 2920.1 0.07 0.007 90 365 10 3095.2 
77 4 0.004 0.0187 400 2920.1 0.07 0.007 90 365 10 3095.2 
78 4 0.004 0.0187 200 2920.1 0.07 0.007 90 365 10 3109.8 
79 4 0.004 0.0187 400 2920.1 0.07 0.007 90 365 10 3109.8 
80 4 0.004 0.0187 200 2920.1 0.07 0.007 90 365 10 3124.4 
81 4 0.004 0.0187 400 2920.1 0.07 0.007 90 365 10 3124.4 
82 4 0.004 0.0187 200 2920.1 0.07 0.007 90 365 10 3139 
83 4 0.004 0.0187 400 2920.1 0.07 0.007 90 365 10 3139 
84 4 0.004 0.0187 200 2920.1 0.07 0.007 90 365 10 3153.6 
85 4 0.004 0.0187 400 2920.1 0.07 0.007 90 365 10 3153.6 
86 4 0.004 0.0187 200 2920.1 0.07 0.007 90 365 10 3168.2 
87 4 0.004 0.0187 400 2920.1 0.07 0.007 90 365 10 3168.2 
88 4 0.004 0.0187 200 2920.1 0.07 0.007 90 365 10 3182.8 
89 4 0.004 0.0187 400 2920.1 0.07 0.007 90 365 10 3182.8 
90 4 0.004 0.0187 200 2920.1 0.07 0.007 90 365 10 3197.39 
91 4 0.004 0.0187 400 2920.1 0.07 0.007 90 365 10 3197.39 
92 4 0.004 0.0187 200 2920.1 0.07 0.007 90 365 10 3211.99 
93 4 0.004 0.0187 400 2920.1 0.07 0.007 90 365 10 3211.99 
94 4 0.004 0.0187 200 2920.1 0.07 0.007 90 365 10 3226.59 
95 4 0.004 0.0187 400 2920.1 0.07 0.007 90 365 10 3226.59 
96 4 0.004 0.0187 200 2920.1 0.07 0.007 90 365 10 3241.19 
97 4 0.004 0.0187 400 2920.1 0.07 0.007 90 365 10 3241.19 
98 4 0.004 0.0187 200 2920.1 0.07 0.007 90 365 10 3255.79 
99 4 0.004 0.0187 400 2920.1 0.07 0.007 90 365 10 3255.79 
100 4 0.004 0.0187 200 2920.1 0.07 0.007 90 365 10 3270.39 
101 4 0.004 0.0187 400 2920.1 0.07 0.007 90 365 10 3270.39 
102 4 0.004 0.0187 200 2920.1 0.07 0.007 90 365 10 3284.99 
103 4 0.004 0.0187 400 2920.1 0.07 0.007 90 365 10 3284.99 
104 4 0.004 0.0125 200 2934.69 0.07 0.007 90 365 10 2920.01 
105 4 0.004 0.0125 400 2934.69 0.07 0.007 90 365 10 2920.01 
106 4 0.004 0.0125 200 2934.69 0.07 0.007 90 365 10 2934.61 
107 4 0.004 0.0125 400 2934.69 0.07 0.007 90 365 10 2934.61 
108 4 0.004 0.0125 200 2934.69 0.07 0.007 90 365 10 2949.21 
109 4 0.004 0.0125 400 2934.69 0.07 0.007 90 365 10 2949.21 
110 4 0.004 0.0125 200 2934.69 0.07 0.007 90 365 10 2963.81 
111 4 0.004 0.0125 400 2934.69 0.07 0.007 90 365 10 2963.81 
112 4 0.004 0.0125 200 2934.69 0.07 0.007 90 365 10 2978.41 
113 4 0.004 0.0125 400 2934.69 0.07 0.007 90 365 10 2978.41 
114 4 0.004 0.0125 200 2934.69 0.07 0.007 90 365 10 2993.01 
115 4 0.004 0.0125 400 2934.69 0.07 0.007 90 365 10 2993.01 
116 4 0.004 0.0125 200 2934.69 0.07 0.007 90 365 10 3007.61 
117 4 0.004 0.0125 400 2934.69 0.07 0.007 90 365 10 3007.61 
118 4 0.004 0.0125 200 2934.69 0.07 0.007 90 365 10 3022.2 
119 4 0.004 0.0125 400 2934.69 0.07 0.007 90 365 10 3022.2 
120 4 0.004 0.0125 200 2934.69 0.07 0.007 90 365 10 3036.8 
121 4 0.004 0.0125 400 2934.69 0.07 0.007 90 365 10 3036.8 
122 4 0.004 0.0125 200 2934.69 0.07 0.007 90 365 10 3051.4 
123 4 0.004 0.0125 400 2934.69 0.07 0.007 90 365 10 3051.4 
124 4 0.004 0.0125 200 2934.69 0.07 0.007 90 365 10 3066 
125 4 0.004 0.0125 400 2934.69 0.07 0.007 90 365 10 3066 
126 4 0.004 0.0125 200 2934.69 0.07 0.007 90 365 10 3080.6 
127 4 0.004 0.0125 400 2934.69 0.07 0.007 90 365 10 3080.6 
128 4 0.004 0.0125 200 2934.69 0.07 0.007 90 365 10 3095.2 
129 4 0.004 0.0125 400 2934.69 0.07 0.007 90 365 10 3095.2 
130 4 0.004 0.0125 200 2934.69 0.07 0.007 90 365 10 3109.8 
131 4 0.004 0.0125 400 2934.69 0.07 0.007 90 365 10 3109.8 
132 4 0.004 0.0125 200 2934.69 0.07 0.007 90 365 10 3124.4 
133 4 0.004 0.0125 400 2934.69 0.07 0.007 90 365 10 3124.4 
134 4 0.004 0.0125 200 2934.69 0.07 0.007 90 365 10 3139 
135 4 0.004 0.0125 400 2934.69 0.07 0.007 90 365 10 3139 
136 4 0.004 0.0125 200 2934.69 0.07 0.007 90 365 10 3153.6 
137 4 0.004 0.0125 400 2934.69 0.07 0.007 90 365 10 3153.6 
138 4 0.004 0.0125 200 2934.69 0.07 0.007 90 365 10 3168.2 
139 4 0.004 0.0125 400 2934.69 0.07 0.007 90 365 10 3168.2 
140 4 0.004 0.0125 200 2934.69 0.07 0.007 90 365 10 3182.8 
141 4 0.004 0.0125 400 2934.69 0.07 0.007 90 365 10 3182.8 
142 4 0.004 0.0125 200 2934.69 0.07 0.007 90 365 10 3197.39 
143 4 0.004 0.0125 400 2934.69 0.07 0.007 90 365 10 3197.39 
144 4 0.004 0.0125 200 2934.69 0.07 0.007 90 365 10 3211.99 
145 4 0.004 0.0125 400 2934.69 0.07 0.007 90 365 10 3211.99 
146 4 0.004 0.0125 200 2934.69 0.07 0.007 90 365 10 3226.59 
147 4 0.004 0.0125 400 2934.69 0.07 0.007 90 365 10 3226.59 
148 4 0.004 0.0125 200 2934.69 0.07 0.007 90 365 10 3241.19 
149 4 0.004 0.0125 400 2934.69 0.07 0.007 90 365 10 3241.19 
150 4 0.004 0.0125 200 2934.69 0.07 0.007 90 365 10 3255.79 
151 4 0.004 0.0125 400 2934.69 0.07 0.007 90 365 10 3255.79 
152 4 0.004 0.0125 200 2934.69 0.07 0.007 90 365 10 3270.39 
153 4 0.004 0.0125 400 2934.69 0.07 0.007 90 365 10 3270.39 
154 4 0.004 0.0125 200 2934.69 0.07 0.007 90 365 10 3284.99 
155 4 0.004 0.0125 400 2934.69 0.07 0.007 90 365 10 3284.99 
156 4 0.004 0.0187 200 2934.69 0.07 0.007 90 365 10 2920.01 
157 4 0.004 0.0187 400 2934.69 0.07 0.007 90 365 10 2920.01 
158 4 0.004 0.0187 200 2934.69 0.07 0.007 90 365 10 2934.61 
159 4 0.004 0.0187 400 2934.69 0.07 0.007 90 365 10 2934.61 
160 4 0.004 0.0187 200 2934.69 0.07 0.007 90 365 10 2949.21 
161 4 0.004 0.0187 400 2934.69 0.07 0.007 90 365 10 2949.21 
162 4 0.004 0.0187 200 2934.69 0.07 0.007 90 365 10 2963.81 
163 4 0.004 0.0187 400 2934.69 0.07 0.007 90 365 10 2963.81 
164 4 0.004 0.0187 200 2934.69 0.07 0.007 90 365 10 2978.41 
165 4 0.004 0.0187 400 2934.69 0.07 0.007 90 365 10 2978.41 
166 4 0.004 0.0187 200 2934.69 0.07 0.007 90 365 10 2993.01 
167 4 0.004 0.0187 400 2934.69 0.07 0.007 90 365 10 2993.01 
168 4 0.004 0.0187 200 2934.69 0.07 0.007 90 365 10 3007.61 
169 4 0.004 0.0187 400 2934.69 0.07 0.007 90 365 10 3007.61 
170 4 0.004 0.0187 200 2934.69 0.07 0.007 90 365 10 3022.2 
171 4 0.004 0.0187 400 2934.69 0.07 0.007 90 365 10 3022.2 
172 4 0.004 0.0187 200 2934.69 0.07 0.007 90 365 10 3036.8 
173 4 0.004 0.0187 400 2934.69 0.07 0.007 90 365 10 3036.8 
174 4 0.004 0.0187 200 2934.69 0.07 0.007 90 365 10 3051.4 
175 4 0.004 0.0187 400 2934.69 0.07 0.007 90 365 10 3051.4 
176 4 0.004 0.0187 200 2934.69 0.07 0.007 90 365 10 3066 
177 4 0.004 0.0187 400 2934.69 0.07 0.007 90 365 10 3066 
178 4 0.004 0.0187 200 2934.69 0.07 0.007 90 365 10 3080.6 
179 4 0.004 0.0187 400 2934.69 0.07 0.007 90 365 10 3080.6 
180 4 0.004 0.0187 200 2934.69 0.07 0.007 90 365 10 3095.2 
181 4 0.004 0.0187 400 2934.69 0.07 0.007 90 365 10 3095.2 
182 4 0.004 0.0187 200 2934.69 0.07 0.007 90 365 10 3109.8 
183 4 0.004 0.0187 400 2934.69 0.07 0.007 90 365 10 3109.8 
184 4 0.004 0.0187 200 2934.69 0.07 0.007 90 365 10 3124.4 
185 4 0.004 0.0187 400 2934.69 0.07 0.007 90 365 10 3124.4 
186 4 0.004 0.0187 200 2934.69 0.07 0.007 90 365 10 3139 
187 4 0.004 0.0187 400 2934.69 0.07 0.007 90 365 10 3139 
188 4 0.004 0.0187 200 2934.69 0.07 0.007 90 365 10 3153.6 
189 4 0.004 0.0187 400 2934.69 0.07 0.007 90 365 10 3153.6 
190 4 0.004 0.0187 200 2934.69 0.07 0.007 90 365 10 3168.2 
191 4 0.004 0.0187 400 2934.69 0.07 0.007 90 365 10 3168.2 
192 4 0.004 0.0187 200 2934.69 0.07 0.007 90 365 10 3182.8 
193 4 0.004 0.0187 400 2934.69 0.07 0.007 90 365 10 3182.8 
194 4 0.004 0.0187 200 2934.69 0.07 0.007 90 365 10 3197.39 
195 4 0.004 0.0187 400 2934.69 0.07 0.007 90 365 10 3197.39 
196 4 0.004 0.0187 200 2934.69 0.07 0.007 90 365 10 3211.99 
197 4 0.004 0.0187 400 2934.69 0.07 0.007 90 365 10 3211.99 
198 4 0.004 0.0187 200 2934.69 0.07 0.007 90 365 10 3226.59 
199 4 0.004 0.0187 400 2934.69 0.07 0.007 90 365 10 3226.59 
200 4 0.004 0.0187 200 2934.69 0.07 0.007 90 365 10 3241.19 
201 4 0.004 0.0187 400 2934.69 0.07 0.007 90 365 10 3241.19 
202 4 0.004 0.0187 200 2934.69 0.07 0.007 90 365 10 3255.79 
203 4 0.004 0.0187 400 2934.69 0.07 0.007 90 365 10 3255.79 
204 4 0.004 0.0187 200 2934.69 0.07 0.007 90 365 10 3270.39 
205 4 0.004 0.0187 400 2934.69 0.07 0.007 90 365 10 3270.39 
206 4 0.004 0.0187 200 2934.69 0.07 0.007 90 365 10 3284.99 
207 4 0.004 0.0187 400 2934.69 0.07 0.007 90 365 10 3284.99 
208 4 0.004 0.0125 200 2949.28 0.07 0.007 90 365 10 2920.01 
209 4 0.004 0.0125 400 2949.28 0.07 0.007 90 365 10 2920.01 
210 4 0.004 0.0125 200 2949.28 0.07 0.007 90 365 10 2934.61 
211 4 0.004 0.0125 400 2949.28 0.07 0.007 90 365 10 2934.61 
212 4 0.004 0.0125 200 2949.28 0.07 0.007 90 365 10 2949.21 
213 4 0.004 0.0125 400 2949.28 0.07 0.007 90 365 10 2949.21 
214 4 0.004 0.0125 200 2949.28 0.07 0.007 90 365 10 2963.81 
215 4 0.004 0.0125 400 2949.28 0.07 0.007 90 365 10 2963.81 
216 4 0.004 0.0125 200 2949.28 0.07 0.007 90 365 10 2978.41 
217 4 0.004 0.0125 400 2949.28 0.07 0.007 90 365 10 2978.41 
218 4 0.004 0.0125 200 2949.28 0.07 0.007 90 365 10 2993.01 
219 4 0.004 0.0125 400 2949.28 0.07 0.007 90 365 10 2993.01 
220 4 0.004 0.0125 200 2949.28 0.07 0.007 90 365 10 3007.61 
221 4 0.004 0.0125 400 2949.28 0.07 0.007 90 365 10 3007.61 
222 4 0.004 0.0125 200 2949.28 0.07 0.007 90 365 10 3022.2 
223 4 0.004 0.0125 400 2949.28 0.07 0.007 90 365 10 3022.2 
224 4 0.004 0.0125 200 2949.28 0.07 0.007 90 365 10 3036.8 
225 4 0.004 0.0125 400 2949.28 0.07 0.007 90 365 10 3036.8 
226 4 0.004 0.0125 200 2949.28 0.07 0.007 90 365 10 3051.4 
227 4 0.004 0.0125 400 2949.28 0.07 0.007 90 365 10 3051.4 
228 4 0.004 0.0125 200 2949.28 0.07 0.007 90 365 10 3066 
229 4 0.004 0.0125 400 2949.28 0.07 0.007 90 365 10 3066 
230 4 0.004 0.0125 200 2949.28 0.07 0.007 90 365 10 3080.6 
231 4 0.004 0.0125 400 2949.28 0.07 0.007 90 365 10 3080.6 
232 4 0.004 0.0125 200 2949.28 0.07 0.007 90 365 10 3095.2 
233 4 0.004 0.0125 400 2949.28 0.07 0.007 90 365 10 3095.2 
234 4 0.004 0.0125 200 2949.28 0.07 0.007 90 365 10 3109.8 
235 4 0.004 0.0125 400 2949.28 0.07 0.007 90 365 10 3109.8 
236 4 0.004 0.0125 200 2949.28 0.07 0.007 90 365 10 3124.4 
237 4 0.004 0.0125 400 2949.28 0.07 0.007 90 365 10 3124.4 
238 4 0.004 0.0125 200 2949.28 0.07 0.007 90 365 10 3139 
239 4 0.004 0.0125 400 2949.28 0.07 0.007 90 365 10 3139 
240 4 0.004 0.0125 200 2949.28 0.07 0.007 90 365 10 3153.6 
241 4 0.004 0.0125 400 2949.28 0.07 0.007 90 365 10 3153.6 
242 4 0.004 0.0125 200 2949.28 0.07 0.007 90 365 10 3168.2 
243 4 0.004 0.0125 400 2949.28 0.07 0.007 90 365 10 3168.2 
244 4 0.004 0.0125 200 2949.28 0.07 0.007 90 365 10 3182.8 
245 4 0.004 0.0125 400 2949.28 0.07 0.007 90 365 10 3182.8 
246 4 0.004 0.0125 200 2949.28 0.07 0.007 90 365 10 3197.39 
247 4 0.004 0.0125 400 2949.28 0.07 0.007 90 365 10 3197.39 
248 4 0.004 0.0125 200 2949.28 0.07 0.007 90 365 10 3211.99 
249 4 0.004 0.0125 400 2949.28 0.07 0.007 90 365 10 3211.99 
250 4 0.004 0.0125 200 2949.28 0.07 0.007 90 365 10 3226.59 
251 4 0.004 0.0125 400 2949.28 0.07 0.007 90 365 10 3226.59 
252 4 0.004 0.0125 200 2949.28 0.07 0.007 90 365 10 3241.19 
253 4 0.004 0.0125 400 2949.28 0.07 0.007 90 365 10 3241.19 
254 4 0.004 0.0125 200 2949.28 0.07 0.007 90 365 10 3255.79 
255 4 0.004 0.0125 400 2949.28 0.07 0.007 90 365 10 3255.79 
256 4 0.004 0.0125 200 2949.28 0.07 0.007 90 365 10 3270.39 
257 4 0.004 0.0125 400 2949.28 0.07 0.007 90 365 10 3270.39 
258 4 0.004 0.0125 200 2949.28 0.07 0.007 90 365 10 3284.99 
259 4 0.004 0.0125 400 2949.28 0.07 0.007 90 365 10 3284.99 
260 4 0.004 0.0187 200 2949.28 0.07 0.007 90 365 10 2920.01 
261 4 0.004 0.0187 400 2949.28 0.07 0.007 90 365 10 2920.01 
262 4 0.004 0.0187 200 2949.28 0.07 0.007 90 365 10 2934.61 
263 4 0.004 0.0187 400 2949.28 0.07 0.007 90 365 10 2934.61 
264 4 0.004 0.0187 200 2949.28 0.07 0.007 90 365 10 2949.21 
265 4 0.004 0.0187 400 2949.28 0.07 0.007 90 365 10 2949.21 
266 4 0.004 0.0187 200 2949.28 0.07 0.007 90 365 10 2963.81 
267 4 0.004 0.0187 400 2949.28 0.07 0.007 90 365 10 2963.81 
268 4 0.004 0.0187 200 2949.28 0.07 0.007 90 365 10 2978.41 
269 4 0.004 0.0187 400 2949.28 0.07 0.007 90 365 10 2978.41 
270 4 0.004 0.0187 200 2949.28 0.07 0.007 90 365 10 2993.01 
271 4 0.004 0.0187 400 2949.28 0.07 0.007 90 365 10 2993.01 
272 4 0.004 0.0187 200 2949.28 0.07 0.007 90 365 10 3007.61 
273 4 0.004 0.0187 400 2949.28 0.07 0.007 90 365 10 3007.61 
274 4 0.004 0.0187 200 2949.28 0.07 0.007 90 365 10 3022.2 
275 4 0.004 0.0187 400 2949.28 0.07 0.007 90 365 10 3022.2 
276 4 0.004 0.0187 200 2949.28 0.07 0.007 90 365 10 3036.8 
277 4 0.004 0.0187 400 2949.28 0.07 0.007 90 365 10 3036.8 
278 4 0.004 0.0187 200 2949.28 0.07 0.007 90 365 10 3051.4 
279 4 0.004 0.0187 400 2949.28 0.07 0.007 90 365 10 3051.4 
280 4 0.004 0.0187 200 2949.28 0.07 0.007 90 365 10 3066 
281 4 0.004 0.0187 400 2949.28 0.07 0.007 90 365 10 3066 
282 4 0.004 0.0187 200 2949.28 0.07 0.007 90 365 10 3080.6 
283 4 0.004 0.0187 400 2949.28 0.07 0.007 90 365 10 3080.6 
284 4 0.004 0.0187 200 2949.28 0.07 0.007 90 365 10 3095.2 
285 4 0.004 0.0187 400 2949.28 0.07 0.007 90 365 10 3095.2 
286 4 0.004 0.0187 200 2949.28 0.07 0.007 90 365 10 3109.8 
287 4 0.004 0.0187 400 2949.28 0.07 0.007 90 365 10 3109.8 
288 4 0.004 0.0187 200 2949.28 0.07 0.007 90 365 10 3124.4 
289 4 0.004 0.0187 400 2949.28 0.07 0.007 90 365 10 3124.4 
290 4 0.004 0.0187 200 2949.28 0.07 0.007 90 365 10 3139 
291 4 0.004 0.0187 400 2949.28 0.07 0.007 90 365 10 3139 
292 4 0.004 0.0187 200 2949.28 0.07 0.007 90 365 10 3153.6 
293 4 0.004 0.0187 400 2949.28 0.07 0.007 90 365 10 3153.6 
294 4 0.004 0.0187 200 2949.28 0.07 0.007 90 365 10 3168.2 
295 4 0.004 0.0187 400 2949.28 0.07 0.007 90 365 10 3168.2 
296 4 0.004 0.0187 200 2949.28 0.07 0.007 90 365 10 3182.8 
297 4 0.004 0.0187 400 2949.28 0.07 0.007 90 365 10 3182.8 
298 4 0.004 0.0187 200 2949.28 0.07 0.007 90 365 10 3197.39 
299 4 0.004 0.0187 400 2949.28 0.07 0.007 90 365 10 3197.39 
300 4 0.004 0.0187 200 2949.28 0.07 0.007 90 365 10 3211.99 
301 4 0.004 0.0187 400 2949.28 0.07 0.007 90 365 10 3211.99 
302 4 0.004 0.0187 200 2949.28 0.07 0.007 90 365 10 3226.59 
303 4 0.004 0.0187 400 2949.28 0.07 0.007 90 365 10 3226.59 
304 4 0.004 0.0187 200 2949.28 0.07 0.007 90 365 10 3241.19 
305 4 0.004 0.0187 400 2949.28 0.07 0.007 90 365 10 3241.19 
306 4 0.004 0.0187 200 2949.28 0.07 0.007 90 365 10 3255.79 
307 4 0.004 0.0187 400 2949.28 0.07 0.007 90 365 10 3255.79 
308 4 0.004 0.0187 200 2949.28 0.07 0.007 90 365 10 3270.39 
309 4 0.004 0.0187 400 2949.28 0.07 0.007 90 365 10 3270.39 
310 4 0.004 0.0187 200 2949.28 0.07 0.007 90 365 10 3284.99 
311 4 0.004 0.0187 400 2949.28 0.07 0.007 90 365 10 3284.99 
312 4 0.004 0.0125 200 2963.88 0.07 0.007 90 365 10 2920.01 
313 4 0.004 0.0125 400 2963.88 0.07 0.007 90 365 10 2920.01 
314 4 0.004 0.0125 200 2963.88 0.07 0.007 90 365 10 2934.61 
315 4 0.004 0.0125 400 2963.88 0.07 0.007 90 365 10 2934.61 
316 4 0.004 0.0125 200 2963.88 0.07 0.007 90 365 10 2949.21 
317 4 0.004 0.0125 400 2963.88 0.07 0.007 90 365 10 2949.21 
318 4 0.004 0.0125 200 2963.88 0.07 0.007 90 365 10 2963.81 
319 4 0.004 0.0125 400 2963.88 0.07 0.007 90 365 10 2963.81 
320 4 0.004 0.0125 200 2963.88 0.07 0.007 90 365 10 2978.41 
321 4 0.004 0.0125 400 2963.88 0.07 0.007 90 365 10 2978.41 
322 4 0.004 0.0125 200 2963.88 0.07 0.007 90 365 10 2993.01 
323 4 0.004 0.0125 400 2963.88 0.07 0.007 90 365 10 2993.01 
324 4 0.004 0.0125 200 2963.88 0.07 0.007 90 365 10 3007.61 
325 4 0.004 0.0125 400 2963.88 0.07 0.007 90 365 10 3007.61 
326 4 0.004 0.0125 200 2963.88 0.07 0.007 90 365 10 3022.2 
327 4 0.004 0.0125 400 2963.88 0.07 0.007 90 365 10 3022.2 
328 4 0.004 0.0125 200 2963.88 0.07 0.007 90 365 10 3036.8 
329 4 0.004 0.0125 400 2963.88 0.07 0.007 90 365 10 3036.8 
330 4 0.004 0.0125 200 2963.88 0.07 0.007 90 365 10 3051.4 
331 4 0.004 0.0125 400 2963.88 0.07 0.007 90 365 10 3051.4 
332 4 0.004 0.0125 200 2963.88 0.07 0.007 90 365 10 3066 
333 4 0.004 0.0125 400 2963.88 0.07 0.007 90 365 10 3066 
334 4 0.004 0.0125 200 2963.88 0.07 0.007 90 365 10 3080.6 
335 4 0.004 0.0125 400 2963.88 0.07 0.007 90 365 10 3080.6 
336 4 0.004 0.0125 200 2963.88 0.07 0.007 90 365 10 3095.2 
337 4 0.004 0.0125 400 2963.88 0.07 0.007 90 365 10 3095.2 
338 4 0.004 0.0125 200 2963.88 0.07 0.007 90 365 10 3109.8 
339 4 0.004 0.0125 400 2963.88 0.07 0.007 90 365 10 3109.8 
340 4 0.004 0.0125 200 2963.88 0.07 0.007 90 365 10 3124.4 
341 4 0.004 0.0125 400 2963.88 0.07 0.007 90 365 10 3124.4 
342 4 0.004 0.0125 200 2963.88 0.07 0.007 90 365 10 3139 
343 4 0.004 0.0125 400 2963.88 0.07 0.007 90 365 10 3139 
344 4 0.004 0.0125 200 2963.88 0.07 0.007 90 365 10 3153.6 
345 4 0.004 0.0125 400 2963.88 0.07 0.007 90 365 10 3153.6 
346 4 0.004 0.0125 200 2963.88 0.07 0.007 90 365 10 3168.2 
347 4 0.004 0.0125 400 2963.88 0.07 0.007 90 365 10 3168.2 
348 4 0.004 0.0125 200 2963.88 0.07 0.007 90 365 10 3182.8 
349 4 0.004 0.0125 400 2963.88 0.07 0.007 90 365 10 3182.8 
350 4 0.004 0.0125 200 2963.88 0.07 0.007 90 365 10 3197.39 
351 4 0.004 0.0125 400 2963.88 0.07 0.007 90 365 10 3197.39 
352 4 0.004 0.0125 200 2963.88 0.07 0.007 90 365 10 3211.99 
353 4 0.004 0.0125 400 2963.88 0.07 0.007 90 365 10 3211.99 
354 4 0.004 0.0125 200 2963.88 0.07 0.007 90 365 10 3226.59 
355 4 0.004 0.0125 400 2963.88 0.07 0.007 90 365 10 3226.59 
356 4 0.004 0.0125 200 2963.88 0.07 0.007 90 365 10 3241.19 
357 4 0.004 0.0125 400 2963.88 0.07 0.007 90 365 10 3241.19 
358 4 0.004 0.0125 200 2963.88 0.07 0.007 90 365 10 3255.79 
359 4 0.004 0.0125 400 2963.88 0.07 0.007 90 365 10 3255.79 
360 4 0.004 0.0125 200 2963.88 0.07 0.007 90 365 10 3270.39 
361 4 0.004 0.0125 400 2963.88 0.07 0.007 90 365 10 3270.39 
362 4 0.004 0.0125 200 2963.88 0.07 0.007 90 365 10 3284.99 
363 4 0.004 0.0125 400 2963.88 0.07 0.007 90 365 10 3284.99 
364 4 0.004 0.0187 200 2963.88 0.07 0.007 90 365 10 2920.01 
365 4 0.004 0.0187 400 2963.88 0.07 0.007 90 365 10 2920.01 
366 4 0.004 0.0187 200 2963.88 0.07 0.007 90 365 10 2934.61 
367 4 0.004 0.0187 400 2963.88 0.07 0.007 90 365 10 2934.61 
368 4 0.004 0.0187 200 2963.88 0.07 0.007 90 365 10 2949.21 
369 4 0.004 0.0187 400 2963.88 0.07 0.007 90 365 10 2949.21 
370 4 0.004 0.0187 200 2963.88 0.07 0.007 90 365 10 2963.81 
371 4 0.004 0.0187 400 2963.88 0.07 0.007 90 365 10 2963.81 
372 4 0.004 0.0187 200 2963.88 0.07 0.007 90 365 10 2978.41 
373 4 0.004 0.0187 400 2963.88 0.07 0.007 90 365 10 2978.41 
374 4 0.004 0.0187 200 2963.88 0.07 0.007 90 365 10 2993.01 
375 4 0.004 0.0187 400 2963.88 0.07 0.007 90 365 10 2993.01 
376 4 0.004 0.0187 200 2963.88 0.07 0.007 90 365 10 3007.61 
377 4 0.004 0.0187 400 2963.88 0.07 0.007 90 365 10 3007.61 
378 4 0.004 0.0187 200 2963.88 0.07 0.007 90 365 10 3022.2 
379 4 0.004 0.0187 400 2963.88 0.07 0.007 90 365 10 3022.2 
380 4 0.004 0.0187 200 2963.88 0.07 0.007 90 365 10 3036.8 
381 4 0.004 0.0187 400 2963.88 0.07 0.007 90 365 10 3036.8 
382 4 0.004 0.0187 200 2963.88 0.07 0.007 90 365 10 3051.4 
383 4 0.004 0.0187 400 2963.88 0.07 0.007 90 365 10 3051.4 
384 4 0.004 0.0187 200 2963.88 0.07 0.007 90 365 10 3066 
385 4 0.004 0.0187 400 2963.88 0.07 0.007 90 365 10 3066 
386 4 0.004 0.0187 200 2963.88 0.07 0.007 90 365 10 3080.6 
387 4 0.004 0.0187 400 2963.88 0.07 0.007 90 365 10 3080.6 
388 4 0.004 0.0187 200 2963.88 0.07 0.007 90 365 10 3095.2 
389 4 0.004 0.0187 400 2963.88 0.07 0.007 90 365 10 3095.2 
390 4 0.004 0.0187 200 2963.88 0.07 0.007 90 365 10 3109.8 
391 4 0.004 0.0187 400 2963.88 0.07 0.007 90 365 10 3109.8 
392 4 0.004 0.0187 200 2963.88 0.07 0.007 90 365 10 3124.4 
393 4 0.004 0.0187 400 2963.88 0.07 0.007 90 365 10 3124.4 
394 4 0.004 0.0187 200 2963.88 0.07 0.007 90 365 10 3139 
395 4 0.004 0.0187 400 2963.88 0.07 0.007 90 365 10 3139 
396 4 0.004 0.0187 200 2963.88 0.07 0.007 90 365 10 3153.6 
397 4 0.004 0.0187 400 2963.88 0.07 0.007 90 365 10 3153.6 
398 4 0.004 0.0187 200 2963.88 0.07 0.007 90 365 10 3168.2 
399 4 0.004 0.0187 400 2963.88 0.07 0.007 90 365 10 3168.2 
400 4 0.004 0.0187 200 2963.88 0.07 0.007 90 365 10 3182.8 
401 4 0.004 0.0187 400 2963.88 0.07 0.007 90 365 10 3182.8 
402 4 0.004 0.0187 200 2963.88 0.07 0.007 90 365 10 3197.39 
403 4 0.004 0.0187 400 2963.88 0.07 0.007 90 365 10 3197.39 
404 4 0.004 0.0187 200 2963.88 0.07 0.007 90 365 10 3211.99 
405 4 0.004 0.0187 400 2963.88 0.07 0.007 90 365 10 3211.99 
406 4 0.004 0.0187 200 2963.88 0.07 0.007 90 365 10 3226.59 
407 4 0.004 0.0187 400 2963.88 0.07 0.007 90 365 10 3226.59 
408 4 0.004 0.0187 200 2963.88 0.07 0.007 90 365 10 3241.19 
409 4 0.004 0.0187 400 2963.88 0.07 0.007 90 365 10 3241.19 
410 4 0.004 0.0187 200 2963.88 0.07 0.007 90 365 10 3255.79 
411 4 0.004 0.0187 400 2963.88 0.07 0.007 90 365 10 3255.79 
412 4 0.004 0.0187 200 2963.88 0.07 0.007 90 365 10 3270.39 
413 4 0.004 0.0187 400 2963.88 0.07 0.007 90 365 10 3270.39 
414 4 0.004 0.0187 200 2963.88 0.07 0.007 90 365 10 3284.99 
415 4 0.004 0.0187 400 2963.88 0.07 0.007 90 365 10 3284.99 
416 4 0.004 0.0125 200 2978.47 0.07 0.007 90 365 10 2920.01 
417 4 0.004 0.0125 400 2978.47 0.07 0.007 90 365 10 2920.01 
418 4 0.004 0.0125 200 2978.47 0.07 0.007 90 365 10 2934.61 
419 4 0.004 0.0125 400 2978.47 0.07 0.007 90 365 10 2934.61 
420 4 0.004 0.0125 200 2978.47 0.07 0.007 90 365 10 2949.21 
421 4 0.004 0.0125 400 2978.47 0.07 0.007 90 365 10 2949.21 
422 4 0.004 0.0125 200 2978.47 0.07 0.007 90 365 10 2963.81 
423 4 0.004 0.0125 400 2978.47 0.07 0.007 90 365 10 2963.81 
424 4 0.004 0.0125 200 2978.47 0.07 0.007 90 365 10 2978.41 
425 4 0.004 0.0125 400 2978.47 0.07 0.007 90 365 10 2978.41 
426 4 0.004 0.0125 200 2978.47 0.07 0.007 90 365 10 2993.01 
427 4 0.004 0.0125 400 2978.47 0.07 0.007 90 365 10 2993.01 
428 4 0.004 0.0125 200 2978.47 0.07 0.007 90 365 10 3007.61 
429 4 0.004 0.0125 400 2978.47 0.07 0.007 90 365 10 3007.61 
430 4 0.004 0.0125 200 2978.47 0.07 0.007 90 365 10 3022.2 
431 4 0.004 0.0125 400 2978.47 0.07 0.007 90 365 10 3022.2 
432 4 0.004 0.0125 200 2978.47 0.07 0.007 90 365 10 3036.8 
433 4 0.004 0.0125 400 2978.47 0.07 0.007 90 365 10 3036.8 
434 4 0.004 0.0125 200 2978.47 0.07 0.007 90 365 10 3051.4 
435 4 0.004 0.0125 400 2978.47 0.07 0.007 90 365 10 3051.4 
436 4 0.004 0.0125 200 2978.47 0.07 0.007 90 365 10 3066 
437 4 0.004 0.0125 400 2978.47 0.07 0.007 90 365 10 3066 
438 4 0.004 0.0125 200 2978.47 0.07 0.007 90 365 10 3080.6 
439 4 0.004 0.0125 400 2978.47 0.07 0.007 90 365 10 3080.6 
440 4 0.004 0.0125 200 2978.47 0.07 0.007 90 365 10 3095.2 
441 4 0.004 0.0125 400 2978.47 0.07 0.007 90 365 10 3095.2 
442 4 0.004 0.0125 200 2978.47 0.07 0.007 90 365 10 3109.8 
443 4 0.004 0.0125 400 2978.47 0.07 0.007 90 365 10 3109.8 
444 4 0.004 0.0125 200 2978.47 0.07 0.007 90 365 10 3124.4 
445 4 0.004 0.0125 400 2978.47 0.07 0.007 90 365 10 3124.4 
446 4 0.004 0.0125 200 2978.47 0.07 0.007 90 365 10 3139 
447 4 0.004 0.0125 400 2978.47 0.07 0.007 90 365 10 3139 
448 4 0.004 0.0125 200 2978.47 0.07 0.007 90 365 10 3153.6 
449 4 0.004 0.0125 400 2978.47 0.07 0.007 90 365 10 3153.6 
450 4 0.004 0.0125 200 2978.47 0.07 0.007 90 365 10 3168.2 
451 4 0.004 0.0125 400 2978.47 0.07 0.007 90 365 10 3168.2 
452 4 0.004 0.0125 200 2978.47 0.07 0.007 90 365 10 3182.8 
453 4 0.004 0.0125 400 2978.47 0.07 0.007 90 365 10 3182.8 
454 4 0.004 0.0125 200 2978.47 0.07 0.007 90 365 10 3197.39 
455 4 0.004 0.0125 400 2978.47 0.07 0.007 90 365 10 3197.39 
456 4 0.004 0.0125 200 2978.47 0.07 0.007 90 365 10 3211.99 
457 4 0.004 0.0125 400 2978.47 0.07 0.007 90 365 10 3211.99 
458 4 0.004 0.0125 200 2978.47 0.07 0.007 90 365 10 3226.59 
459 4 0.004 0.0125 400 2978.47 0.07 0.007 90 365 10 3226.59 
460 4 0.004 0.0125 200 2978.47 0.07 0.007 90 365 10 3241.19 
461 4 0.004 0.0125 400 2978.47 0.07 0.007 90 365 10 3241.19 
462 4 0.004 0.0125 200 2978.47 0.07 0.007 90 365 10 3255.79 
463 4 0.004 0.0125 400 2978.47 0.07 0.007 90 365 10 3255.79 
464 4 0.004 0.0125 200 2978.47 0.07 0.007 90 365 10 3270.39 
465 4 0.004 0.0125 400 2978.47 0.07 0.007 90 365 10 3270.39 
466 4 0.004 0.0125 200 2978.47 0.07 0.007 90 365 10 3284.99 
467 4 0.004 0.0125 400 2978.47 0.07 0.007 90 365 10 3284.99 
468 4 0.004 0.0187 200 2978.47 0.07 0.007 90 365 10 2920.01 
469 4 0.004 0.0187 400 2978.47 0.07 0.007 90 365 10 2920.01 
470 4 0.004 0.0187 200 2978.47 0.07 0.007 90 365 10 2934.61 
471 4 0.004 0.0187 400 2978.47 0.07 0.007 90 365 10 2934.61 
472 4 0.004 0.0187 200 2978.47 0.07 0.007 90 365 10 2949.21 
473 4 0.004 0.0187 400 2978.47 0.07 0.007 90 365 10 2949.21 
474 4 0.004 0.0187 200 2978.47 0.07 0.007 90 365 10 2963.81 
475 4 0.004 0.0187 400 2978.47 0.07 0.007 90 365 10 2963.81 
476 4 0.004 0.0187 200 2978.47 0.07 0.007 90 365 10 2978.41 
477 4 0.004 0.0187 400 2978.47 0.07 0.007 90 365 10 2978.41 
478 4 0.004 0.0187 200 2978.47 0.07 0.007 90 365 10 2993.01 
479 4 0.004 0.0187 400 2978.47 0.07 0.007 90 365 10 2993.01 
480 4 0.004 0.0187 200 2978.47 0.07 0.007 90 365 10 3007.61 
481 4 0.004 0.0187 400 2978.47 0.07 0.007 90 365 10 3007.61 
482 4 0.004 0.0187 200 2978.47 0.07 0.007 90 365 10 3022.2 
483 4 0.004 0.0187 400 2978.47 0.07 0.007 90 365 10 3022.2 
484 4 0.004 0.0187 200 2978.47 0.07 0.007 90 365 10 3036.8 
485 4 0.004 0.0187 400 2978.47 0.07 0.007 90 365 10 3036.8 
486 4 0.004 0.0187 200 2978.47 0.07 0.007 90 365 10 3051.4 
487 4 0.004 0.0187 400 2978.47 0.07 0.007 90 365 10 3051.4 
488 4 0.004 0.0187 200 2978.47 0.07 0.007 90 365 10 3066 
489 4 0.004 0.0187 400 2978.47 0.07 0.007 90 365 10 3066 
490 4 0.004 0.0187 200 2978.47 0.07 0.007 90 365 10 3080.6 
491 4 0.004 0.0187 400 2978.47 0.07 0.007 90 365 10 3080.6 
492 4 0.004 0.0187 200 2978.47 0.07 0.007 90 365 10 3095.2 
493 4 0.004 0.0187 400 2978.47 0.07 0.007 90 365 10 3095.2 
494 4 0.004 0.0187 200 2978.47 0.07 0.007 90 365 10 3109.8 
495 4 0.004 0.0187 400 2978.47 0.07 0.007 90 365 10 3109.8 
496 4 0.004 0.0187 200 2978.47 0.07 0.007 90 365 10 3124.4 
497 4 0.004 0.0187 400 2978.47 0.07 0.007 90 365 10 3124.4 
498 4 0.004 0.0187 200 2978.47 0.07 0.007 90 365 10 3139 
499 4 0.004 0.0187 400 2978.47 0.07 0.007 90 365 10 3139 
500 4 0.004 0.0187 200 2978.47 0.07 0.007 90 365 10 3153.6 
501 4 0.004 0.0187 400 2978.47 0.07 0.007 90 365 10 3153.6 
502 4 0.004 0.0187 200 2978.47 0.07 0.007 90 365 10 3168.2 
503 4 0.004 0.0187 400 2978.47 0.07 0.007 90 365 10 3168.2 
504 4 0.004 0.0187 200 2978.47 0.07 0.007 90 365 10 3182.8 
505 4 0.004 0.0187 400 2978.47 0.07 0.007 90 365 10 3182.8 
506 4 0.004 0.0187 200 2978.47 0.07 0.007 90 365 10 3197.39 
507 4 0.004 0.0187 400 2978.47 0.07 0.007 90 365 10 3197.39 
508 4 0.004 0.0187 200 2978.47 0.07 0.007 90 365 10 3211.99 
509 4 0.004 0.0187 400 2978.47 0.07 0.007 90 365 10 3211.99 
510 4 0.004 0.0187 200 2978.47 0.07 0.007 90 365 10 3226.59 
511 4 0.004 0.0187 400 2978.47 0.07 0.007 90 365 10 3226.59 
512 4 0.004 0.0187 200 2978.47 0.07 0.007 90 365 10 3241.19 
513 4 0.004 0.0187 400 2978.47 0.07 0.007 90 365 10 3241.19 
514 4 0.004 0.0187 200 2978.47 0.07 0.007 90 365 10 3255.79 
515 4 0.004 0.0187 400 2978.47 0.07 0.007 90 365 10 3255.79 
516 4 0.004 0.0187 200 2978.47 0.07 0.007 90 365 10 3270.39 
517 4 0.004 0.0187 400 2978.47 0.07 0.007 90 365 10 3270.39 
518 4 0.004 0.0187 200 2978.47 0.07 0.007 90 365 10 3284.99 
519 4 0.004 0.0187 400 2978.47 0.07 0.007 90 365 10 3284.99 
520 4 0.004 0.0125 200 2993.06 0.07 0.007 90 365 10 2920.01 
521 4 0.004 0.0125 400 2993.06 0.07 0.007 90 365 10 2920.01 
522 4 0.004 0.0125 200 2993.06 0.07 0.007 90 365 10 2934.61 
523 4 0.004 0.0125 400 2993.06 0.07 0.007 90 365 10 2934.61 
524 4 0.004 0.0125 200 2993.06 0.07 0.007 90 365 10 2949.21 
525 4 0.004 0.0125 400 2993.06 0.07 0.007 90 365 10 2949.21 
526 4 0.004 0.0125 200 2993.06 0.07 0.007 90 365 10 2963.81 
527 4 0.004 0.0125 400 2993.06 0.07 0.007 90 365 10 2963.81 
528 4 0.004 0.0125 200 2993.06 0.07 0.007 90 365 10 2978.41 
529 4 0.004 0.0125 400 2993.06 0.07 0.007 90 365 10 2978.41 
530 4 0.004 0.0125 200 2993.06 0.07 0.007 90 365 10 2993.01 
531 4 0.004 0.0125 400 2993.06 0.07 0.007 90 365 10 2993.01 
532 4 0.004 0.0125 200 2993.06 0.07 0.007 90 365 10 3007.61 
533 4 0.004 0.0125 400 2993.06 0.07 0.007 90 365 10 3007.61 
534 4 0.004 0.0125 200 2993.06 0.07 0.007 90 365 10 3022.2 
535 4 0.004 0.0125 400 2993.06 0.07 0.007 90 365 10 3022.2 
536 4 0.004 0.0125 200 2993.06 0.07 0.007 90 365 10 3036.8 
537 4 0.004 0.0125 400 2993.06 0.07 0.007 90 365 10 3036.8 
538 4 0.004 0.0125 200 2993.06 0.07 0.007 90 365 10 3051.4 
539 4 0.004 0.0125 400 2993.06 0.07 0.007 90 365 10 3051.4 
540 4 0.004 0.0125 200 2993.06 0.07 0.007 90 365 10 3066 
541 4 0.004 0.0125 400 2993.06 0.07 0.007 90 365 10 3066 
542 4 0.004 0.0125 200 2993.06 0.07 0.007 90 365 10 3080.6 
543 4 0.004 0.0125 400 2993.06 0.07 0.007 90 365 10 3080.6 
544 4 0.004 0.0125 200 2993.06 0.07 0.007 90 365 10 3095.2 
545 4 0.004 0.0125 400 2993.06 0.07 0.007 90 365 10 3095.2 
546 4 0.004 0.0125 200 2993.06 0.07 0.007 90 365 10 3109.8 
547 4 0.004 0.0125 400 2993.06 0.07 0.007 90 365 10 3109.8 
548 4 0.004 0.0125 200 2993.06 0.07 0.007 90 365 10 3124.4 
549 4 0.004 0.0125 400 2993.06 0.07 0.007 90 365 10 3124.4 
550 4 0.004 0.0125 200 2993.06 0.07 0.007 90 365 10 3139 
551 4 0.004 0.0125 400 2993.06 0.07 0.007 90 365 10 3139 
552 4 0.004 0.0125 200 2993.06 0.07 0.007 90 365 10 3153.6 
553 4 0.004 0.0125 400 2993.06 0.07 0.007 90 365 10 3153.6 
554 4 0.004 0.0125 200 2993.06 0.07 0.007 90 365 10 3168.2 
555 4 0.004 0.0125 400 2993.06 0.07 0.007 90 365 10 3168.2 
556 4 0.004 0.0125 200 2993.06 0.07 0.007 90 365 10 3182.8 
557 4 0.004 0.0125 400 2993.06 0.07 0.007 90 365 10 3182.8 
558 4 0.004 0.0125 200 2993.06 0.07 0.007 90 365 10 3197.39 
559 4 0.004 0.0125 400 2993.06 0.07 0.007 90 365 10 3197.39 
560 4 0.004 0.0125 200 2993.06 0.07 0.007 90 365 10 3211.99 
561 4 0.004 0.0125 400 2993.06 0.07 0.007 90 365 10 3211.99 
562 4 0.004 0.0125 200 2993.06 0.07 0.007 90 365 10 3226.59 
563 4 0.004 0.0125 400 2993.06 0.07 0.007 90 365 10 3226.59 
564 4 0.004 0.0125 200 2993.06 0.07 0.007 90 365 10 3241.19 
565 4 0.004 0.0125 400 2993.06 0.07 0.007 90 365 10 3241.19 
566 4 0.004 0.0125 200 2993.06 0.07 0.007 90 365 10 3255.79 
567 4 0.004 0.0125 400 2993.06 0.07 0.007 90 365 10 3255.79 
568 4 0.004 0.0125 200 2993.06 0.07 0.007 90 365 10 3270.39 
569 4 0.004 0.0125 400 2993.06 0.07 0.007 90 365 10 3270.39 
570 4 0.004 0.0125 200 2993.06 0.07 0.007 90 365 10 3284.99 
571 4 0.004 0.0125 400 2993.06 0.07 0.007 90 365 10 3284.99 
572 4 0.004 0.0187 200 2993.06 0.07 0.007 90 365 10 2920.01 
573 4 0.004 0.0187 400 2993.06 0.07 0.007 90 365 10 2920.01 
574 4 0.004 0.0187 200 2993.06 0.07 0.007 90 365 10 2934.61 
575 4 0.004 0.0187 400 2993.06 0.07 0.007 90 365 10 2934.61 
576 4 0.004 0.0187 200 2993.06 0.07 0.007 90 365 10 2949.21 
577 4 0.004 0.0187 400 2993.06 0.07 0.007 90 365 10 2949.21 
578 4 0.004 0.0187 200 2993.06 0.07 0.007 90 365 10 2963.81 
579 4 0.004 0.0187 400 2993.06 0.07 0.007 90 365 10 2963.81 
580 4 0.004 0.0187 200 2993.06 0.07 0.007 90 365 10 2978.41 
581 4 0.004 0.0187 400 2993.06 0.07 0.007 90 365 10 2978.41 
582 4 0.004 0.0187 200 2993.06 0.07 0.007 90 365 10 2993.01 
583 4 0.004 0.0187 400 2993.06 0.07 0.007 90 365 10 2993.01 
584 4 0.004 0.0187 200 2993.06 0.07 0.007 90 365 10 3007.61 
585 4 0.004 0.0187 400 2993.06 0.07 0.007 90 365 10 3007.61 
586 4 0.004 0.0187 200 2993.06 0.07 0.007 90 365 10 3022.2 
587 4 0.004 0.0187 400 2993.06 0.07 0.007 90 365 10 3022.2 
588 4 0.004 0.0187 200 2993.06 0.07 0.007 90 365 10 3036.8 
589 4 0.004 0.0187 400 2993.06 0.07 0.007 90 365 10 3036.8 
590 4 0.004 0.0187 200 2993.06 0.07 0.007 90 365 10 3051.4 
591 4 0.004 0.0187 400 2993.06 0.07 0.007 90 365 10 3051.4 
592 4 0.004 0.0187 200 2993.06 0.07 0.007 90 365 10 3066 
593 4 0.004 0.0187 400 2993.06 0.07 0.007 90 365 10 3066 
594 4 0.004 0.0187 200 2993.06 0.07 0.007 90 365 10 3080.6 
595 4 0.004 0.0187 400 2993.06 0.07 0.007 90 365 10 3080.6 
596 4 0.004 0.0187 200 2993.06 0.07 0.007 90 365 10 3095.2 
597 4 0.004 0.0187 400 2993.06 0.07 0.007 90 365 10 3095.2 
598 4 0.004 0.0187 200 2993.06 0.07 0.007 90 365 10 3109.8 
599 4 0.004 0.0187 400 2993.06 0.07 0.007 90 365 10 3109.8 
600 4 0.004 0.0187 200 2993.06 0.07 0.007 90 365 10 3124.4 
601 4 0.004 0.0187 400 2993.06 0.07 0.007 90 365 10 3124.4 
602 4 0.004 0.0187 200 2993.06 0.07 0.007 90 365 10 3139 
603 4 0.004 0.0187 400 2993.06 0.07 0.007 90 365 10 3139 
604 4 0.004 0.0187 200 2993.06 0.07 0.007 90 365 10 3153.6 
605 4 0.004 0.0187 400 2993.06 0.07 0.007 90 365 10 3153.6 
606 4 0.004 0.0187 200 2993.06 0.07 0.007 90 365 10 3168.2 
607 4 0.004 0.0187 400 2993.06 0.07 0.007 90 365 10 3168.2 
608 4 0.004 0.0187 200 2993.06 0.07 0.007 90 365 10 3182.8 
609 4 0.004 0.0187 400 2993.06 0.07 0.007 90 365 10 3182.8 
610 4 0.004 0.0187 200 2993.06 0.07 0.007 90 365 10 3197.39 
611 4 0.004 0.0187 400 2993.06 0.07 0.007 90 365 10 3197.39 
612 4 0.004 0.0187 200 2993.06 0.07 0.007 90 365 10 3211.99 
613 4 0.004 0.0187 400 2993.06 0.07 0.007 90 365 10 3211.99 
614 4 0.004 0.0187 200 2993.06 0.07 0.007 90 365 10 3226.59 
615 4 0.004 0.0187 400 2993.06 0.07 0.007 90 365 10 3226.59 
616 4 0.004 0.0187 200 2993.06 0.07 0.007 90 365 10 3241.19 
617 4 0.004 0.0187 400 2993.06 0.07 0.007 90 365 10 3241.19 
618 4 0.004 0.0187 200 2993.06 0.07 0.007 90 365 10 3255.79 
619 4 0.004 0.0187 400 2993.06 0.07 0.007 90 365 10 3255.79 
620 4 0.004 0.0187 200 2993.06 0.07 0.007 90 365 10 3270.39 
621 4 0.004 0.0187 400 2993.06 0.07 0.007 90 365 10 3270.39 
622 4 0.004 0.0187 200 2993.06 0.07 0.007 90 365 10 3284.99 
623 4 0.004 0.0187 400 2993.06 0.07 0.007 90 365 10 3284.99 
624 4 0.004 0.0125 200 3007.65 0.07 0.007 90 365 10 2920.01 
625 4 0.004 0.0125 400 3007.65 0.07 0.007 90 365 10 2920.01 
626 4 0.004 0.0125 200 3007.65 0.07 0.007 90 365 10 2934.61 
627 4 0.004 0.0125 400 3007.65 0.07 0.007 90 365 10 2934.61 
628 4 0.004 0.0125 200 3007.65 0.07 0.007 90 365 10 2949.21 
629 4 0.004 0.0125 400 3007.65 0.07 0.007 90 365 10 2949.21 
630 4 0.004 0.0125 200 3007.65 0.07 0.007 90 365 10 2963.81 
631 4 0.004 0.0125 400 3007.65 0.07 0.007 90 365 10 2963.81 
632 4 0.004 0.0125 200 3007.65 0.07 0.007 90 365 10 2978.41 
633 4 0.004 0.0125 400 3007.65 0.07 0.007 90 365 10 2978.41 
634 4 0.004 0.0125 200 3007.65 0.07 0.007 90 365 10 2993.01 
635 4 0.004 0.0125 400 3007.65 0.07 0.007 90 365 10 2993.01 
636 4 0.004 0.0125 200 3007.65 0.07 0.007 90 365 10 3007.61 
637 4 0.004 0.0125 400 3007.65 0.07 0.007 90 365 10 3007.61 
638 4 0.004 0.0125 200 3007.65 0.07 0.007 90 365 10 3022.2 
639 4 0.004 0.0125 400 3007.65 0.07 0.007 90 365 10 3022.2 
640 4 0.004 0.0125 200 3007.65 0.07 0.007 90 365 10 3036.8 
641 4 0.004 0.0125 400 3007.65 0.07 0.007 90 365 10 3036.8 
642 4 0.004 0.0125 200 3007.65 0.07 0.007 90 365 10 3051.4 
643 4 0.004 0.0125 400 3007.65 0.07 0.007 90 365 10 3051.4 
644 4 0.004 0.0125 200 3007.65 0.07 0.007 90 365 10 3066 
645 4 0.004 0.0125 400 3007.65 0.07 0.007 90 365 10 3066 
646 4 0.004 0.0125 200 3007.65 0.07 0.007 90 365 10 3080.6 
647 4 0.004 0.0125 400 3007.65 0.07 0.007 90 365 10 3080.6 
648 4 0.004 0.0125 200 3007.65 0.07 0.007 90 365 10 3095.2 
649 4 0.004 0.0125 400 3007.65 0.07 0.007 90 365 10 3095.2 
650 4 0.004 0.0125 200 3007.65 0.07 0.007 90 365 10 3109.8 
651 4 0.004 0.0125 400 3007.65 0.07 0.007 90 365 10 3109.8 
652 4 0.004 0.0125 200 3007.65 0.07 0.007 90 365 10 3124.4 
653 4 0.004 0.0125 400 3007.65 0.07 0.007 90 365 10 3124.4 
654 4 0.004 0.0125 200 3007.65 0.07 0.007 90 365 10 3139 
655 4 0.004 0.0125 400 3007.65 0.07 0.007 90 365 10 3139 
656 4 0.004 0.0125 200 3007.65 0.07 0.007 90 365 10 3153.6 
657 4 0.004 0.0125 400 3007.65 0.07 0.007 90 365 10 3153.6 
658 4 0.004 0.0125 200 3007.65 0.07 0.007 90 365 10 3168.2 
659 4 0.004 0.0125 400 3007.65 0.07 0.007 90 365 10 3168.2 
660 4 0.004 0.0125 200 3007.65 0.07 0.007 90 365 10 3182.8 
661 4 0.004 0.0125 400 3007.65 0.07 0.007 90 365 10 3182.8 
662 4 0.004 0.0125 200 3007.65 0.07 0.007 90 365 10 3197.39 
663 4 0.004 0.0125 400 3007.65 0.07 0.007 90 365 10 3197.39 
664 4 0.004 0.0125 200 3007.65 0.07 0.007 90 365 10 3211.99 
665 4 0.004 0.0125 400 3007.65 0.07 0.007 90 365 10 3211.99 
666 4 0.004 0.0125 200 3007.65 0.07 0.007 90 365 10 3226.59 
667 4 0.004 0.0125 400 3007.65 0.07 0.007 90 365 10 3226.59 
668 4 0.004 0.0125 200 3007.65 0.07 0.007 90 365 10 3241.19 
669 4 0.004 0.0125 400 3007.65 0.07 0.007 90 365 10 3241.19 
670 4 0.004 0.0125 200 3007.65 0.07 0.007 90 365 10 3255.79 
671 4 0.004 0.0125 400 3007.65 0.07 0.007 90 365 10 3255.79 
672 4 0.004 0.0125 200 3007.65 0.07 0.007 90 365 10 3270.39 
673 4 0.004 0.0125 400 3007.65 0.07 0.007 90 365 10 3270.39 
674 4 0.004 0.0125 200 3007.65 0.07 0.007 90 365 10 3284.99 
675 4 0.004 0.0125 400 3007.65 0.07 0.007 90 365 10 3284.99 
676 4 0.004 0.0187 200 3007.65 0.07 0.007 90 365 10 2920.01 
677 4 0.004 0.0187 400 3007.65 0.07 0.007 90 365 10 2920.01 
678 4 0.004 0.0187 200 3007.65 0.07 0.007 90 365 10 2934.61 
679 4 0.004 0.0187 400 3007.65 0.07 0.007 90 365 10 2934.61 
680 4 0.004 0.0187 200 3007.65 0.07 0.007 90 365 10 2949.21 
681 4 0.004 0.0187 400 3007.65 0.07 0.007 90 365 10 2949.21 
682 4 0.004 0.0187 200 3007.65 0.07 0.007 90 365 10 2963.81 
683 4 0.004 0.0187 400 3007.65 0.07 0.007 90 365 10 2963.81 
684 4 0.004 0.0187 200 3007.65 0.07 0.007 90 365 10 2978.41 
685 4 0.004 0.0187 400 3007.65 0.07 0.007 90 365 10 2978.41 
686 4 0.004 0.0187 200 3007.65 0.07 0.007 90 365 10 2993.01 
687 4 0.004 0.0187 400 3007.65 0.07 0.007 90 365 10 2993.01 
688 4 0.004 0.0187 200 3007.65 0.07 0.007 90 365 10 3007.61 
689 4 0.004 0.0187 400 3007.65 0.07 0.007 90 365 10 3007.61 
690 4 0.004 0.0187 200 3007.65 0.07 0.007 90 365 10 3022.2 
691 4 0.004 0.0187 400 3007.65 0.07 0.007 90 365 10 3022.2 
692 4 0.004 0.0187 200 3007.65 0.07 0.007 90 365 10 3036.8 
693 4 0.004 0.0187 400 3007.65 0.07 0.007 90 365 10 3036.8 
694 4 0.004 0.0187 200 3007.65 0.07 0.007 90 365 10 3051.4 
695 4 0.004 0.0187 400 3007.65 0.07 0.007 90 365 10 3051.4 
696 4 0.004 0.0187 200 3007.65 0.07 0.007 90 365 10 3066 
697 4 0.004 0.0187 400 3007.65 0.07 0.007 90 365 10 3066 
698 4 0.004 0.0187 200 3007.65 0.07 0.007 90 365 10 3080.6 
699 4 0.004 0.0187 400 3007.65 0.07 0.007 90 365 10 3080.6 
700 4 0.004 0.0187 200 3007.65 0.07 0.007 90 365 10 3095.2 
701 4 0.004 0.0187 400 3007.65 0.07 0.007 90 365 10 3095.2 
702 4 0.004 0.0187 200 3007.65 0.07 0.007 90 365 10 3109.8 
703 4 0.004 0.0187 400 3007.65 0.07 0.007 90 365 10 3109.8 
704 4 0.004 0.0187 200 3007.65 0.07 0.007 90 365 10 3124.4 
705 4 0.004 0.0187 400 3007.65 0.07 0.007 90 365 10 3124.4 
706 4 0.004 0.0187 200 3007.65 0.07 0.007 90 365 10 3139 
707 4 0.004 0.0187 400 3007.65 0.07 0.007 90 365 10 3139 
708 4 0.004 0.0187 200 3007.65 0.07 0.007 90 365 10 3153.6 
709 4 0.004 0.0187 400 3007.65 0.07 0.007 90 365 10 3153.6 
710 4 0.004 0.0187 200 3007.65 0.07 0.007 90 365 10 3168.2 
711 4 0.004 0.0187 400 3007.65 0.07 0.007 90 365 10 3168.2 
712 4 0.004 0.0187 200 3007.65 0.07 0.007 90 365 10 3182.8 
713 4 0.004 0.0187 400 3007.65 0.07 0.007 90 365 10 3182.8 
714 4 0.004 0.0187 200 3007.65 0.07 0.007 90 365 10 3197.39 
715 4 0.004 0.0187 400 3007.65 0.07 0.007 90 365 10 3197.39 
716 4 0.004 0.0187 200 3007.65 0.07 0.007 90 365 10 3211.99 
717 4 0.004 0.0187 400 3007.65 0.07 0.007 90 365 10 3211.99 
718 4 0.004 0.0187 200 3007.65 0.07 0.007 90 365 10 3226.59 
719 4 0.004 0.0187 400 3007.65 0.07 0.007 90 365 10 3226.59 
720 4 0.004 0.0187 200 3007.65 0.07 0.007 90 365 10 3241.19 
721 4 0.004 0.0187 400 3007.65 0.07 0.007 90 365 10 3241.19 
722 4 0.004 0.0187 200 3007.65 0.07 0.007 90 365 10 3255.79 
723 4 0.004 0.0187 400 3007.65 0.07 0.007 90 365 10 3255.79 
724 4 0.004 0.0187 200 3007.65 0.07 0.007 90 365 10 3270.39 
725 4 0.004 0.0187 400 3007.65 0.07 0.007 90 365 10 3270.39 
726 4 0.004 0.0187 200 3007.65 0.07 0.007 90 365 10 3284.99 
727 4 0.004 0.0187 400 3007.65 0.07 0.007 90 365 10 3284.99 
728 4 0.004 0.0125 200 3022.24 0.07 0.007 90 365 10 2920.01 
729 4 0.004 0.0125 400 3022.24 0.07 0.007 90 365 10 2920.01 
730 4 0.004 0.0125 200 3022.24 0.07 0.007 90 365 10 2934.61 
731 4 0.004 0.0125 400 3022.24 0.07 0.007 90 365 10 2934.61 
732 4 0.004 0.0125 200 3022.24 0.07 0.007 90 365 10 2949.21 
733 4 0.004 0.0125 400 3022.24 0.07 0.007 90 365 10 2949.21 
734 4 0.004 0.0125 200 3022.24 0.07 0.007 90 365 10 2963.81 
735 4 0.004 0.0125 400 3022.24 0.07 0.007 90 365 10 2963.81 
736 4 0.004 0.0125 200 3022.24 0.07 0.007 90 365 10 2978.41 
737 4 0.004 0.0125 400 3022.24 0.07 0.007 90 365 10 2978.41 
738 4 0.004 0.0125 200 3022.24 0.07 0.007 90 365 10 2993.01 
739 4 0.004 0.0125 400 3022.24 0.07 0.007 90 365 10 2993.01 
740 4 0.004 0.0125 200 3022.24 0.07 0.007 90 365 10 3007.61 
741 4 0.004 0.0125 400 3022.24 0.07 0.007 90 365 10 3007.61 
742 4 0.004 0.0125 200 3022.24 0.07 0.007 90 365 10 3022.2 
743 4 0.004 0.0125 400 3022.24 0.07 0.007 90 365 10 3022.2 
744 4 0.004 0.0125 200 3022.24 0.07 0.007 90 365 10 3036.8 
745 4 0.004 0.0125 400 3022.24 0.07 0.007 90 365 10 3036.8 
746 4 0.004 0.0125 200 3022.24 0.07 0.007 90 365 10 3051.4 
747 4 0.004 0.0125 400 3022.24 0.07 0.007 90 365 10 3051.4 
748 4 0.004 0.0125 200 3022.24 0.07 0.007 90 365 10 3066 
749 4 0.004 0.0125 400 3022.24 0.07 0.007 90 365 10 3066 
750 4 0.004 0.0125 200 3022.24 0.07 0.007 90 365 10 3080.6 
751 4 0.004 0.0125 400 3022.24 0.07 0.007 90 365 10 3080.6 
752 4 0.004 0.0125 200 3022.24 0.07 0.007 90 365 10 3095.2 
753 4 0.004 0.0125 400 3022.24 0.07 0.007 90 365 10 3095.2 
754 4 0.004 0.0125 200 3022.24 0.07 0.007 90 365 10 3109.8 
755 4 0.004 0.0125 400 3022.24 0.07 0.007 90 365 10 3109.8 
756 4 0.004 0.0125 200 3022.24 0.07 0.007 90 365 10 3124.4 
757 4 0.004 0.0125 400 3022.24 0.07 0.007 90 365 10 3124.4 
758 4 0.004 0.0125 200 3022.24 0.07 0.007 90 365 10 3139 
759 4 0.004 0.0125 400 3022.24 0.07 0.007 90 365 10 3139 
760 4 0.004 0.0125 200 3022.24 0.07 0.007 90 365 10 3153.6 
761 4 0.004 0.0125 400 3022.24 0.07 0.007 90 365 10 3153.6 
762 4 0.004 0.0125 200 3022.24 0.07 0.007 90 365 10 3168.2 
763 4 0.004 0.0125 400 3022.24 0.07 0.007 90 365 10 3168.2 
764 4 0.004 0.0125 200 3022.24 0.07 0.007 90 365 10 3182.8 
765 4 0.004 0.0125 400 3022.24 0.07 0.007 90 365 10 3182.8 
766 4 0.004 0.0125 200 3022.24 0.07 0.007 90 365 10 3197.39 
767 4 0.004 0.0125 400 3022.24 0.07 0.007 90 365 10 3197.39 
768 4 0.004 0.0125 200 3022.24 0.07 0.007 90 365 10 3211.99 
769 4 0.004 0.0125 400 3022.24 0.07 0.007 90 365 10 3211.99 
770 4 0.004 0.0125 200 3022.24 0.07 0.007 90 365 10 3226.59 
771 4 0.004 0.0125 400 3022.24 0.07 0.007 90 365 10 3226.59 
772 4 0.004 0.0125 200 3022.24 0.07 0.007 90 365 10 3241.19 
773 4 0.004 0.0125 400 3022.24 0.07 0.007 90 365 10 3241.19 
774 4 0.004 0.0125 200 3022.24 0.07 0.007 90 365 10 3255.79 
775 4 0.004 0.0125 400 3022.24 0.07 0.007 90 365 10 3255.79 
776 4 0.004 0.0125 200 3022.24 0.07 0.007 90 365 10 3270.39 
777 4 0.004 0.0125 400 3022.24 0.07 0.007 90 365 10 3270.39 
778 4 0.004 0.0125 200 3022.24 0.07 0.007 90 365 10 3284.99 
779 4 0.004 0.0125 400 3022.24 0.07 0.007 90 365 10 3284.99 
780 4 0.004 0.0187 200 3022.24 0.07 0.007 90 365 10 2920.01 
781 4 0.004 0.0187 400 3022.24 0.07 0.007 90 365 10 2920.01 
782 4 0.004 0.0187 200 3022.24 0.07 0.007 90 365 10 2934.61 
783 4 0.004 0.0187 400 3022.24 0.07 0.007 90 365 10 2934.61 
784 4 0.004 0.0187 200 3022.24 0.07 0.007 90 365 10 2949.21 
785 4 0.004 0.0187 400 3022.24 0.07 0.007 90 365 10 2949.21 
786 4 0.004 0.0187 200 3022.24 0.07 0.007 90 365 10 2963.81 
787 4 0.004 0.0187 400 3022.24 0.07 0.007 90 365 10 2963.81 
788 4 0.004 0.0187 200 3022.24 0.07 0.007 90 365 10 2978.41 
789 4 0.004 0.0187 400 3022.24 0.07 0.007 90 365 10 2978.41 
790 4 0.004 0.0187 200 3022.24 0.07 0.007 90 365 10 2993.01 
791 4 0.004 0.0187 400 3022.24 0.07 0.007 90 365 10 2993.01 
792 4 0.004 0.0187 200 3022.24 0.07 0.007 90 365 10 3007.61 
793 4 0.004 0.0187 400 3022.24 0.07 0.007 90 365 10 3007.61 
794 4 0.004 0.0187 200 3022.24 0.07 0.007 90 365 10 3022.2 
795 4 0.004 0.0187 400 3022.24 0.07 0.007 90 365 10 3022.2 
796 4 0.004 0.0187 200 3022.24 0.07 0.007 90 365 10 3036.8 
797 4 0.004 0.0187 400 3022.24 0.07 0.007 90 365 10 3036.8 
798 4 0.004 0.0187 200 3022.24 0.07 0.007 90 365 10 3051.4 
799 4 0.004 0.0187 400 3022.24 0.07 0.007 90 365 10 3051.4 
800 4 0.004 0.0187 200 3022.24 0.07 0.007 90 365 10 3066 
801 4 0.004 0.0187 400 3022.24 0.07 0.007 90 365 10 3066 
802 4 0.004 0.0187 200 3022.24 0.07 0.007 90 365 10 3080.6 
803 4 0.004 0.0187 400 3022.24 0.07 0.007 90 365 10 3080.6 
804 4 0.004 0.0187 200 3022.24 0.07 0.007 90 365 10 3095.2 
805 4 0.004 0.0187 400 3022.24 0.07 0.007 90 365 10 3095.2 
806 4 0.004 0.0187 200 3022.24 0.07 0.007 90 365 10 3109.8 
807 4 0.004 0.0187 400 3022.24 0.07 0.007 90 365 10 3109.8 
808 4 0.004 0.0187 200 3022.24 0.07 0.007 90 365 10 3124.4 
809 4 0.004 0.0187 400 3022.24 0.07 0.007 90 365 10 3124.4 
810 4 0.004 0.0187 200 3022.24 0.07 0.007 90 365 10 3139 
811 4 0.004 0.0187 400 3022.24 0.07 0.007 90 365 10 3139 
812 4 0.004 0.0187 200 3022.24 0.07 0.007 90 365 10 3153.6 
813 4 0.004 0.0187 400 3022.24 0.07 0.007 90 365 10 3153.6 
814 4 0.004 0.0187 200 3022.24 0.07 0.007 90 365 10 3168.2 
815 4 0.004 0.0187 400 3022.24 0.07 0.007 90 365 10 3168.2 
816 4 0.004 0.0187 200 3022.24 0.07 0.007 90 365 10 3182.8 
817 4 0.004 0.0187 400 3022.24 0.07 0.007 90 365 10 3182.8 
818 4 0.004 0.0187 200 3022.24 0.07 0.007 90 365 10 3197.39 
819 4 0.004 0.0187 400 3022.24 0.07 0.007 90 365 10 3197.39 
820 4 0.004 0.0187 200 3022.24 0.07 0.007 90 365 10 3211.99 
821 4 0.004 0.0187 400 3022.24 0.07 0.007 90 365 10 3211.99 
822 4 0.004 0.0187 200 3022.24 0.07 0.007 90 365 10 3226.59 
823 4 0.004 0.0187 400 3022.24 0.07 0.007 90 365 10 3226.59 
824 4 0.004 0.0187 200 3022.24 0.07 0.007 90 365 10 3241.19 
825 4 0.004 0.0187 400 3022.24 0.07 0.007 90 365 10 3241.19 
826 4 0.004 0.0187 200 3022.24 0.07 0.007 90 365 10 3255.79 
827 4 0.004 0.0187 400 3022.24 0.07 0.007 90 365 10 3255.79 
828 4 0.004 0.0187 200 3022.24 0.07 0.007 90 365 10 3270.39 
829 4 0.004 0.0187 400 3022.24 0.07 0.007 90 365 10 3270.39 
830 4 0.004 0.0187 200 3022.24 0.07 0.007 90 365 10 3284.99 
831 4 0.004 0.0187 400 3022.24 0.07 0.007 90 365 10 3284.99 
832 4 0.004 0.0125 200 3036.84 0.07 0.007 90 365 10 2920.01 
833 4 0.004 0.0125 400 3036.84 0.07 0.007 90 365 10 2920.01 
834 4 0.004 0.0125 200 3036.84 0.07 0.007 90 365 10 2934.61 
835 4 0.004 0.0125 400 3036.84 0.07 0.007 90 365 10 2934.61 
836 4 0.004 0.0125 200 3036.84 0.07 0.007 90 365 10 2949.21 
837 4 0.004 0.0125 400 3036.84 0.07 0.007 90 365 10 2949.21 
838 4 0.004 0.0125 200 3036.84 0.07 0.007 90 365 10 2963.81 
839 4 0.004 0.0125 400 3036.84 0.07 0.007 90 365 10 2963.81 
840 4 0.004 0.0125 200 3036.84 0.07 0.007 90 365 10 2978.41 
841 4 0.004 0.0125 400 3036.84 0.07 0.007 90 365 10 2978.41 
842 4 0.004 0.0125 200 3036.84 0.07 0.007 90 365 10 2993.01 
843 4 0.004 0.0125 400 3036.84 0.07 0.007 90 365 10 2993.01 
844 4 0.004 0.0125 200 3036.84 0.07 0.007 90 365 10 3007.61 
845 4 0.004 0.0125 400 3036.84 0.07 0.007 90 365 10 3007.61 
846 4 0.004 0.0125 200 3036.84 0.07 0.007 90 365 10 3022.2 
847 4 0.004 0.0125 400 3036.84 0.07 0.007 90 365 10 3022.2 
848 4 0.004 0.0125 200 3036.84 0.07 0.007 90 365 10 3036.8 
849 4 0.004 0.0125 400 3036.84 0.07 0.007 90 365 10 3036.8 
850 4 0.004 0.0125 200 3036.84 0.07 0.007 90 365 10 3051.4 
851 4 0.004 0.0125 400 3036.84 0.07 0.007 90 365 10 3051.4 
852 4 0.004 0.0125 200 3036.84 0.07 0.007 90 365 10 3066 
853 4 0.004 0.0125 400 3036.84 0.07 0.007 90 365 10 3066 
854 4 0.004 0.0125 200 3036.84 0.07 0.007 90 365 10 3080.6 
855 4 0.004 0.0125 400 3036.84 0.07 0.007 90 365 10 3080.6 
856 4 0.004 0.0125 200 3036.84 0.07 0.007 90 365 10 3095.2 
857 4 0.004 0.0125 400 3036.84 0.07 0.007 90 365 10 3095.2 
858 4 0.004 0.0125 200 3036.84 0.07 0.007 90 365 10 3109.8 
859 4 0.004 0.0125 400 3036.84 0.07 0.007 90 365 10 3109.8 
860 4 0.004 0.0125 200 3036.84 0.07 0.007 90 365 10 3124.4 
861 4 0.004 0.0125 400 3036.84 0.07 0.007 90 365 10 3124.4 
862 4 0.004 0.0125 200 3036.84 0.07 0.007 90 365 10 3139 
863 4 0.004 0.0125 400 3036.84 0.07 0.007 90 365 10 3139 
864 4 0.004 0.0125 200 3036.84 0.07 0.007 90 365 10 3153.6 
865 4 0.004 0.0125 400 3036.84 0.07 0.007 90 365 10 3153.6 
866 4 0.004 0.0125 200 3036.84 0.07 0.007 90 365 10 3168.2 
867 4 0.004 0.0125 400 3036.84 0.07 0.007 90 365 10 3168.2 
868 4 0.004 0.0125 200 3036.84 0.07 0.007 90 365 10 3182.8 
869 4 0.004 0.0125 400 3036.84 0.07 0.007 90 365 10 3182.8 
870 4 0.004 0.0125 200 3036.84 0.07 0.007 90 365 10 3197.39 
871 4 0.004 0.0125 400 3036.84 0.07 0.007 90 365 10 3197.39 
872 4 0.004 0.0125 200 3036.84 0.07 0.007 90 365 10 3211.99 
873 4 0.004 0.0125 400 3036.84 0.07 0.007 90 365 10 3211.99 
874 4 0.004 0.0125 200 3036.84 0.07 0.007 90 365 10 3226.59 
875 4 0.004 0.0125 400 3036.84 0.07 0.007 90 365 10 3226.59 
876 4 0.004 0.0125 200 3036.84 0.07 0.007 90 365 10 3241.19 
877 4 0.004 0.0125 400 3036.84 0.07 0.007 90 365 10 3241.19 
878 4 0.004 0.0125 200 3036.84 0.07 0.007 90 365 10 3255.79 
879 4 0.004 0.0125 400 3036.84 0.07 0.007 90 365 10 3255.79 
880 4 0.004 0.0125 200 3036.84 0.07 0.007 90 365 10 3270.39 
881 4 0.004 0.0125 400 3036.84 0.07 0.007 90 365 10 3270.39 
882 4 0.004 0.0125 200 3036.84 0.07 0.007 90 365 10 3284.99 
883 4 0.004 0.0125 400 3036.84 0.07 0.007 90 365 10 3284.99 
884 4 0.004 0.0187 200 3036.84 0.07 0.007 90 365 10 2920.01 
885 4 0.004 0.0187 400 3036.84 0.07 0.007 90 365 10 2920.01 
886 4 0.004 0.0187 200 3036.84 0.07 0.007 90 365 10 2934.61 
887 4 0.004 0.0187 400 3036.84 0.07 0.007 90 365 10 2934.61 
888 4 0.004 0.0187 200 3036.84 0.07 0.007 90 365 10 2949.21 
889 4 0.004 0.0187 400 3036.84 0.07 0.007 90 365 10 2949.21 
890 4 0.004 0.0187 200 3036.84 0.07 0.007 90 365 10 2963.81 
891 4 0.004 0.0187 400 3036.84 0.07 0.007 90 365 10 2963.81 
892 4 0.004 0.0187 200 3036.84 0.07 0.007 90 365 10 2978.41 
893 4 0.004 0.0187 400 3036.84 0.07 0.007 90 365 10 2978.41 
894 4 0.004 0.0187 200 3036.84 0.07 0.007 90 365 10 2993.01 
895 4 0.004 0.0187 400 3036.84 0.07 0.007 90 365 10 2993.01 
896 4 0.004 0.0187 200 3036.84 0.07 0.007 90 365 10 3007.61 
897 4 0.004 0.0187 400 3036.84 0.07 0.007 90 365 10 3007.61 
898 4 0.004 0.0187 200 3036.84 0.07 0.007 90 365 10 3022.2 
899 4 0.004 0.0187 400 3036.84 0.07 0.007 90 365 10 3022.2 
900 4 0.004 0.0187 200 3036.84 0.07 0.007 90 365 10 3036.8 
901 4 0.004 0.0187 400 3036.84 0.07 0.007 90 365 10 3036.8 
902 4 0.004 0.0187 200 3036.84 0.07 0.007 90 365 10 3051.4 
903 4 0.004 0.0187 400 3036.84 0.07 0.007 90 365 10 3051.4 
904 4 0.004 0.0187 200 3036.84 0.07 0.007 90 365 10 3066 
905 4 0.004 0.0187 400 3036.84 0.07 0.007 90 365 10 3066 
906 4 0.004 0.0187 200 3036.84 0.07 0.007 90 365 10 3080.6 
907 4 0.004 0.0187 400 3036.84 0.07 0.007 90 365 10 3080.6 
908 4 0.004 0.0187 200 3036.84 0.07 0.007 90 365 10 3095.2 
909 4 0.004 0.0187 400 3036.84 0.07 0.007 90 365 10 3095.2 
910 4 0.004 0.0187 200 3036.84 0.07 0.007 90 365 10 3109.8 
911 4 0.004 0.0187 400 3036.84 0.07 0.007 90 365 10 3109.8 
912 4 0.004 0.0187 200 3036.84 0.07 0.007 90 365 10 3124.4 
913 4 0.004 0.0187 400 3036.84 0.07 0.007 90 365 10 3124.4 
914 4 0.004 0.0187 200 3036.84 0.07 0.007 90 365 10 3139 
915 4 0.004 0.0187 400 3036.84 0.07 0.007 90 365 10 3139 
916 4 0.004 0.0187 200 3036.84 0.07 0.007 90 365 10 3153.6 
917 4 0.004 0.0187 400 3036.84 0.07 0.007 90 365 10 3153.6 
918 4 0.004 0.0187 200 3036.84 0.07 0.007 90 365 10 3168.2 
919 4 0.004 0.0187 400 3036.84 0.07 0.007 90 365 10 3168.2 
920 4 0.004 0.0187 200 3036.84 0.07 0.007 90 365 10 3182.8 
921 4 0.004 0.0187 400 3036.84 0.07 0.007 90 365 10 3182.8 
922 4 0.004 0.0187 200 3036.84 0.07 0.007 90 365 10 3197.39 
923 4 0.004 0.0187 400 3036.84 0.07 0.007 90 365 10 3197.39 
924 4 0.004 0.0187 200 3036.84 0.07 0.007 90 365 10 3211.99 
925 4 0.004 0.0187 400 3036.84 0.07 0.007 90 365 10 3211.99 
926 4 0.004 0.0187 200 3036.84 0.07 0.007 90 365 10 3226.59 
927 4 0.004 0.0187 400 3036.84 0.07 0.007 90 365 10 3226.59 
928 4 0.004 0.0187 200 3036.84 0.07 0.007 90 365 10 3241.19 
929 4 0.004 0.0187 400 3036.84 0.07 0.007 90 365 10 3241.19 
930 4 0.004 0.0187 200 3036.84 0.07 0.007 90 365 10 3255.79 
931 4 0.004 0.0187 400 3036.84 0.07 0.007 90 365 10 3255.79 
932 4 0.004 0.0187 200 3036.84 0.07 0.007 90 365 10 3270.39 
933 4 0.004 0.0187 400 3036.84 0.07 0.007 90 365 10 3270.39 
934 4 0.004 0.0187 200 3036.84 0.07 0.007 90 365 10 3284.99 
935 4 0.004 0.0187 400 3036.84 0.07 0.007 90 365 10 3284.99 
936 4 0.004 0.0125 200 3051.43 0.07 0.007 90 365 10 2920.01 
937 4 0.004 0.0125 400 3051.43 0.07 0.007 90 365 10 2920.01 
938 4 0.004 0.0125 200 3051.43 0.07 0.007 90 365 10 2934.61 
939 4 0.004 0.0125 400 3051.43 0.07 0.007 90 365 10 2934.61 
940 4 0.004 0.0125 200 3051.43 0.07 0.007 90 365 10 2949.21 
941 4 0.004 0.0125 400 3051.43 0.07 0.007 90 365 10 2949.21 
942 4 0.004 0.0125 200 3051.43 0.07 0.007 90 365 10 2963.81 
943 4 0.004 0.0125 400 3051.43 0.07 0.007 90 365 10 2963.81 
944 4 0.004 0.0125 200 3051.43 0.07 0.007 90 365 10 2978.41 
945 4 0.004 0.0125 400 3051.43 0.07 0.007 90 365 10 2978.41 
946 4 0.004 0.0125 200 3051.43 0.07 0.007 90 365 10 2993.01 
947 4 0.004 0.0125 400 3051.43 0.07 0.007 90 365 10 2993.01 
948 4 0.004 0.0125 200 3051.43 0.07 0.007 90 365 10 3007.61 
949 4 0.004 0.0125 400 3051.43 0.07 0.007 90 365 10 3007.61 
950 4 0.004 0.0125 200 3051.43 0.07 0.007 90 365 10 3022.2 
951 4 0.004 0.0125 400 3051.43 0.07 0.007 90 365 10 3022.2 
952 4 0.004 0.0125 200 3051.43 0.07 0.007 90 365 10 3036.8 
953 4 0.004 0.0125 400 3051.43 0.07 0.007 90 365 10 3036.8 
954 4 0.004 0.0125 200 3051.43 0.07 0.007 90 365 10 3051.4 
955 4 0.004 0.0125 400 3051.43 0.07 0.007 90 365 10 3051.4 
956 4 0.004 0.0125 200 3051.43 0.07 0.007 90 365 10 3066 
957 4 0.004 0.0125 400 3051.43 0.07 0.007 90 365 10 3066 
958 4 0.004 0.0125 200 3051.43 0.07 0.007 90 365 10 3080.6 
959 4 0.004 0.0125 400 3051.43 0.07 0.007 90 365 10 3080.6 
960 4 0.004 0.0125 200 3051.43 0.07 0.007 90 365 10 3095.2 
961 4 0.004 0.0125 400 3051.43 0.07 0.007 90 365 10 3095.2 
962 4 0.004 0.0125 200 3051.43 0.07 0.007 90 365 10 3109.8 
963 4 0.004 0.0125 400 3051.43 0.07 0.007 90 365 10 3109.8 
964 4 0.004 0.0125 200 3051.43 0.07 0.007 90 365 10 3124.4 
965 4 0.004 0.0125 400 3051.43 0.07 0.007 90 365 10 3124.4 
966 4 0.004 0.0125 200 3051.43 0.07 0.007 90 365 10 3139 
967 4 0.004 0.0125 400 3051.43 0.07 0.007 90 365 10 3139 
968 4 0.004 0.0125 200 3051.43 0.07 0.007 90 365 10 3153.6 
969 4 0.004 0.0125 400 3051.43 0.07 0.007 90 365 10 3153.6 
970 4 0.004 0.0125 200 3051.43 0.07 0.007 90 365 10 3168.2 
971 4 0.004 0.0125 400 3051.43 0.07 0.007 90 365 10 3168.2 
972 4 0.004 0.0125 200 3051.43 0.07 0.007 90 365 10 3182.8 
973 4 0.004 0.0125 400 3051.43 0.07 0.007 90 365 10 3182.8 
974 4 0.004 0.0125 200 3051.43 0.07 0.007 90 365 10 3197.39 
975 4 0.004 0.0125 400 3051.43 0.07 0.007 90 365 10 3197.39 
976 4 0.004 0.0125 200 3051.43 0.07 0.007 90 365 10 3211.99 
977 4 0.004 0.0125 400 3051.43 0.07 0.007 90 365 10 3211.99 
978 4 0.004 0.0125 200 3051.43 0.07 0.007 90 365 10 3226.59 
979 4 0.004 0.0125 400 3051.43 0.07 0.007 90 365 10 3226.59 
980 4 0.004 0.0125 200 3051.43 0.07 0.007 90 365 10 3241.19 
981 4 0.004 0.0125 400 3051.43 0.07 0.007 90 365 10 3241.19 
982 4 0.004 0.0125 200 3051.43 0.07 0.007 90 365 10 3255.79 
983 4 0.004 0.0125 400 3051.43 0.07 0.007 90 365 10 3255.79 
984 4 0.004 0.0125 200 3051.43 0.07 0.007 90 365 10 3270.39 
985 4 0.004 0.0125 400 3051.43 0.07 0.007 90 365 10 3270.39 
986 4 0.004 0.0125 200 3051.43 0.07 0.007 90 365 10 3284.99 
987 4 0.004 0.0125 400 3051.43 0.07 0.007 90 365 10 3284.99 
988 4 0.004 0.0187 200 3051.43 0.07 0.007 90 365 10 2920.01 
989 4 0.004 0.0187 400 3051.43 0.07 0.007 90 365 10 2920.01 
990 4 0.004 0.0187 200 3051.43 0.07 0.007 90 365 10 2934.61 
991 4 0.004 0.0187 400 3051.43 0.07 0.007 90 365 10 2934.61 
992 4 0.004 0.0187 200 3051.43 0.07 0.007 90 365 10 2949.21 
993 4 0.004 0.0187 400 3051.43 0.07 0.007 90 365 10 2949.21 
994 4 0.004 0.0187 200 3051.43 0.07 0.007 90 365 10 2963.81 
995 4 0.004 0.0187 400 3051.43 0.07 0.007 90 365 10 2963.81 
996 4 0.004 0.0187 200 3051.43 0.07 0.007 90 365 10 2978.41 
997 4 0.004 0.0187 400 3051.43 0.07 0.007 90 365 10 2978.41 
998 4 0.004 0.0187 200 3051.43 0.07 0.007 90 365 10 2993.01 
999 4 0.004 0.0187 400 3051.43 0.07 0.007 90 365 10 2993.01 
1000 4 0.004 0.0187 200 3051.43 0.07 0.007 90 365 10 3007.61 
1001 4 0.004 0.0187 400 3051.43 0.07 0.007 90 365 10 3007.61 
1002 4 0.004 0.0187 200 3051.43 0.07 0.007 90 365 10 3022.2 
1003 4 0.004 0.0187 400 3051.43 0.07 0.007 90 365 10 3022.2 
1004 4 0.004 0.0187 200 3051.43 0.07 0.007 90 365 10 3036.8 
1005 4 0.004 0.0187 400 3051.43 0.07 0.007 90 365 10 3036.8 
1006 4 0.004 0.0187 200 3051.43 0.07 0.007 90 365 10 3051.4 
1007 4 0.004 0.0187 400 3051.43 0.07 0.007 90 365 10 3051.4 
1008 4 0.004 0.0187 200 3051.43 0.07 0.007 90 365 10 3066 
1009 4 0.004 0.0187 400 3051.43 0.07 0.007 90 365 10 3066 
1010 4 0.004 0.0187 200 3051.43 0.07 0.007 90 365 10 3080.6 
1011 4 0.004 0.0187 400 3051.43 0.07 0.007 90 365 10 3080.6 
1012 4 0.004 0.0187 200 3051.43 0.07 0.007 90 365 10 3095.2 
1013 4 0.004 0.0187 400 3051.43 0.07 0.007 90 365 10 3095.2 
1014 4 0.004 0.0187 200 3051.43 0.07 0.007 90 365 10 3109.8 
1015 4 0.004 0.0187 400 3051.43 0.07 0.007 90 365 10 3109.8 
1016 4 0.004 0.0187 200 3051.43 0.07 0.007 90 365 10 3124.4 
1017 4 0.004 0.0187 400 3051.43 0.07 0.007 90 365 10 3124.4 
1018 4 0.004 0.0187 200 3051.43 0.07 0.007 90 365 10 3139 
1019 4 0.004 0.0187 400 3051.43 0.07 0.007 90 365 10 3139 
1020 4 0.004 0.0187 200 3051.43 0.07 0.007 90 365 10 3153.6 
1021 4 0.004 0.0187 400 3051.43 0.07 0.007 90 365 10 3153.6 
1022 4 0.004 0.0187 200 3051.43 0.07 0.007 90 365 10 3168.2 
1023 4 0.004 0.0187 400 3051.43 0.07 0.007 90 365 10 3168.2 
1024 4 0.004 0.0187 200 3051.43 0.07 0.007 90 365 10 3182.8 
1025 4 0.004 0.0187 400 3051.43 0.07 0.007 90 365 10 3182.8 
1026 4 0.004 0.0187 200 3051.43 0.07 0.007 90 365 10 3197.39 
1027 4 0.004 0.0187 400 3051.43 0.07 0.007 90 365 10 3197.39 
1028 4 0.004 0.0187 200 3051.43 0.07 0.007 90 365 10 3211.99 
1029 4 0.004 0.0187 400 3051.43 0.07 0.007 90 365 10 3211.99 
1030 4 0.004 0.0187 200 3051.43 0.07 0.007 90 365 10 3226.59 
1031 4 0.004 0.0187 400 3051.43 0.07 0.007 90 365 10 3226.59 
1032 4 0.004 0.0187 200 3051.43 0.07 0.007 90 365 10 3241.19 
1033 4 0.004 0.0187 400 3051.43 0.07 0.007 90 365 10 3241.19 
1034 4 0.004 0.0187 200 3051.43 0.07 0.007 90 365 10 3255.79 
1035 4 0.004 0.0187 400 3051.43 0.07 0.007 90 365 10 3255.79 
1036 4 0.004 0.0187 200 3051.43 0.07 0.007 90 365 10 3270.39 
1037 4 0.004 0.0187 400 3051.43 0.07 0.007 90 365 10 3270.39 
1038 4 0.004 0.0187 200 3051.43 0.07 0.007 90 365 10 3284.99 
1039 4 0.004 0.0187 400 3051.43 0.07 0.007 90 365 10 3284.99 
1040 4 0.004 0.0125 200 3066.02 0.07 0.007 90 365 10 2920.01 
1041 4 0.004 0.0125 400 3066.02 0.07 0.007 90 365 10 2920.01 
1042 4 0.004 0.0125 200 3066.02 0.07 0.007 90 365 10 2934.61 
1043 4 0.004 0.0125 400 3066.02 0.07 0.007 90 365 10 2934.61 
1044 4 0.004 0.0125 200 3066.02 0.07 0.007 90 365 10 2949.21 
1045 4 0.004 0.0125 400 3066.02 0.07 0.007 90 365 10 2949.21 
1046 4 0.004 0.0125 200 3066.02 0.07 0.007 90 365 10 2963.81 
1047 4 0.004 0.0125 400 3066.02 0.07 0.007 90 365 10 2963.81 
1048 4 0.004 0.0125 200 3066.02 0.07 0.007 90 365 10 2978.41 
1049 4 0.004 0.0125 400 3066.02 0.07 0.007 90 365 10 2978.41 
1050 4 0.004 0.0125 200 3066.02 0.07 0.007 90 365 10 2993.01 
1051 4 0.004 0.0125 400 3066.02 0.07 0.007 90 365 10 2993.01 
1052 4 0.004 0.0125 200 3066.02 0.07 0.007 90 365 10 3007.61 
1053 4 0.004 0.0125 400 3066.02 0.07 0.007 90 365 10 3007.61 
1054 4 0.004 0.0125 200 3066.02 0.07 0.007 90 365 10 3022.2 
1055 4 0.004 0.0125 400 3066.02 0.07 0.007 90 365 10 3022.2 
1056 4 0.004 0.0125 200 3066.02 0.07 0.007 90 365 10 3036.8 
1057 4 0.004 0.0125 400 3066.02 0.07 0.007 90 365 10 3036.8 
1058 4 0.004 0.0125 200 3066.02 0.07 0.007 90 365 10 3051.4 
1059 4 0.004 0.0125 400 3066.02 0.07 0.007 90 365 10 3051.4 
1060 4 0.004 0.0125 200 3066.02 0.07 0.007 90 365 10 3066 
1061 4 0.004 0.0125 400 3066.02 0.07 0.007 90 365 10 3066 
1062 4 0.004 0.0125 200 3066.02 0.07 0.007 90 365 10 3080.6 
1063 4 0.004 0.0125 400 3066.02 0.07 0.007 90 365 10 3080.6 
1064 4 0.004 0.0125 200 3066.02 0.07 0.007 90 365 10 3095.2 
1065 4 0.004 0.0125 400 3066.02 0.07 0.007 90 365 10 3095.2 
1066 4 0.004 0.0125 200 3066.02 0.07 0.007 90 365 10 3109.8 
1067 4 0.004 0.0125 400 3066.02 0.07 0.007 90 365 10 3109.8 
1068 4 0.004 0.0125 200 3066.02 0.07 0.007 90 365 10 3124.4 
1069 4 0.004 0.0125 400 3066.02 0.07 0.007 90 365 10 3124.4 
1070 4 0.004 0.0125 200 3066.02 0.07 0.007 90 365 10 3139 
1071 4 0.004 0.0125 400 3066.02 0.07 0.007 90 365 10 3139 
1072 4 0.004 0.0125 200 3066.02 0.07 0.007 90 365 10 3153.6 
1073 4 0.004 0.0125 400 3066.02 0.07 0.007 90 365 10 3153.6 
1074 4 0.004 0.0125 200 3066.02 0.07 0.007 90 365 10 3168.2 
1075 4 0.004 0.0125 400 3066.02 0.07 0.007 90 365 10 3168.2 
1076 4 0.004 0.0125 200 3066.02 0.07 0.007 90 365 10 3182.8 
1077 4 0.004 0.0125 400 3066.02 0.07 0.007 90 365 10 3182.8 
1078 4 0.004 0.0125 200 3066.02 0.07 0.007 90 365 10 3197.39 
1079 4 0.004 0.0125 400 3066.02 0.07 0.007 90 365 10 3197.39 
1080 4 0.004 0.0125 200 3066.02 0.07 0.007 90 365 10 3211.99 
1081 4 0.004 0.0125 400 3066.02 0.07 0.007 90 365 10 3211.99 
1082 4 0.004 0.0125 200 3066.02 0.07 0.007 90 365 10 3226.59 
1083 4 0.004 0.0125 400 3066.02 0.07 0.007 90 365 10 3226.59 
1084 4 0.004 0.0125 200 3066.02 0.07 0.007 90 365 10 3241.19 
1085 4 0.004 0.0125 400 3066.02 0.07 0.007 90 365 10 3241.19 
1086 4 0.004 0.0125 200 3066.02 0.07 0.007 90 365 10 3255.79 
1087 4 0.004 0.0125 400 3066.02 0.07 0.007 90 365 10 3255.79 
1088 4 0.004 0.0125 200 3066.02 0.07 0.007 90 365 10 3270.39 
1089 4 0.004 0.0125 400 3066.02 0.07 0.007 90 365 10 3270.39 
1090 4 0.004 0.0125 200 3066.02 0.07 0.007 90 365 10 3284.99 
1091 4 0.004 0.0125 400 3066.02 0.07 0.007 90 365 10 3284.99 
1092 4 0.004 0.0187 200 3066.02 0.07 0.007 90 365 10 2920.01 
1093 4 0.004 0.0187 400 3066.02 0.07 0.007 90 365 10 2920.01 
1094 4 0.004 0.0187 200 3066.02 0.07 0.007 90 365 10 2934.61 
1095 4 0.004 0.0187 400 3066.02 0.07 0.007 90 365 10 2934.61 
1096 4 0.004 0.0187 200 3066.02 0.07 0.007 90 365 10 2949.21 
1097 4 0.004 0.0187 400 3066.02 0.07 0.007 90 365 10 2949.21 
1098 4 0.004 0.0187 200 3066.02 0.07 0.007 90 365 10 2963.81 
1099 4 0.004 0.0187 400 3066.02 0.07 0.007 90 365 10 2963.81 
1100 4 0.004 0.0187 200 3066.02 0.07 0.007 90 365 10 2978.41 
1101 4 0.004 0.0187 400 3066.02 0.07 0.007 90 365 10 2978.41 
1102 4 0.004 0.0187 200 3066.02 0.07 0.007 90 365 10 2993.01 
1103 4 0.004 0.0187 400 3066.02 0.07 0.007 90 365 10 2993.01 
1104 4 0.004 0.0187 200 3066.02 0.07 0.007 90 365 10 3007.61 
1105 4 0.004 0.0187 400 3066.02 0.07 0.007 90 365 10 3007.61 
1106 4 0.004 0.0187 200 3066.02 0.07 0.007 90 365 10 3022.2 
1107 4 0.004 0.0187 400 3066.02 0.07 0.007 90 365 10 3022.2 
1108 4 0.004 0.0187 200 3066.02 0.07 0.007 90 365 10 3036.8 
1109 4 0.004 0.0187 400 3066.02 0.07 0.007 90 365 10 3036.8 
1110 4 0.004 0.0187 200 3066.02 0.07 0.007 90 365 10 3051.4 
1111 4 0.004 0.0187 400 3066.02 0.07 0.007 90 365 10 3051.4 
1112 4 0.004 0.0187 200 3066.02 0.07 0.007 90 365 10 3066 
1113 4 0.004 0.0187 400 3066.02 0.07 0.007 90 365 10 3066 
1114 4 0.004 0.0187 200 3066.02 0.07 0.007 90 365 10 3080.6 
1115 4 0.004 0.0187 400 3066.02 0.07 0.007 90 365 10 3080.6 
1116 4 0.004 0.0187 200 3066.02 0.07 0.007 90 365 10 3095.2 
1117 4 0.004 0.0187 400 3066.02 0.07 0.007 90 365 10 3095.2 
1118 4 0.004 0.0187 200 3066.02 0.07 0.007 90 365 10 3109.8 
1119 4 0.004 0.0187 400 3066.02 0.07 0.007 90 365 10 3109.8 
1120 4 0.004 0.0187 200 3066.02 0.07 0.007 90 365 10 3124.4 
1121 4 0.004 0.0187 400 3066.02 0.07 0.007 90 365 10 3124.4 
1122 4 0.004 0.0187 200 3066.02 0.07 0.007 90 365 10 3139 
1123 4 0.004 0.0187 400 3066.02 0.07 0.007 90 365 10 3139 
1124 4 0.004 0.0187 200 3066.02 0.07 0.007 90 365 10 3153.6 
1125 4 0.004 0.0187 400 3066.02 0.07 0.007 90 365 10 3153.6 
1126 4 0.004 0.0187 200 3066.02 0.07 0.007 90 365 10 3168.2 
1127 4 0.004 0.0187 400 3066.02 0.07 0.007 90 365 10 3168.2 
1128 4 0.004 0.0187 200 3066.02 0.07 0.007 90 365 10 3182.8 
1129 4 0.004 0.0187 400 3066.02 0.07 0.007 90 365 10 3182.8 
1130 4 0.004 0.0187 200 3066.02 0.07 0.007 90 365 10 3197.39 
1131 4 0.004 0.0187 400 3066.02 0.07 0.007 90 365 10 3197.39 
1132 4 0.004 0.0187 200 3066.02 0.07 0.007 90 365 10 3211.99 
1133 4 0.004 0.0187 400 3066.02 0.07 0.007 90 365 10 3211.99 
1134 4 0.004 0.0187 200 3066.02 0.07 0.007 90 365 10 3226.59 
1135 4 0.004 0.0187 400 3066.02 0.07 0.007 90 365 10 3226.59 
1136 4 0.004 0.0187 200 3066.02 0.07 0.007 90 365 10 3241.19 
1137 4 0.004 0.0187 400 3066.02 0.07 0.007 90 365 10 3241.19 
1138 4 0.004 0.0187 200 3066.02 0.07 0.007 90 365 10 3255.79 
1139 4 0.004 0.0187 400 3066.02 0.07 0.007 90 365 10 3255.79 
1140 4 0.004 0.0187 200 3066.02 0.07 0.007 90 365 10 3270.39 
1141 4 0.004 0.0187 400 3066.02 0.07 0.007 90 365 10 3270.39 
1142 4 0.004 0.0187 200 3066.02 0.07 0.007 90 365 10 3284.99 
1143 4 0.004 0.0187 400 3066.02 0.07 0.007 90 365 10 3284.99 
1144 4 0.004 0.0125 200 3080.61 0.07 0.007 90 365 10 2920.01 
1145 4 0.004 0.0125 400 3080.61 0.07 0.007 90 365 10 2920.01 
1146 4 0.004 0.0125 200 3080.61 0.07 0.007 90 365 10 2934.61 
1147 4 0.004 0.0125 400 3080.61 0.07 0.007 90 365 10 2934.61 
1148 4 0.004 0.0125 200 3080.61 0.07 0.007 90 365 10 2949.21 
1149 4 0.004 0.0125 400 3080.61 0.07 0.007 90 365 10 2949.21 
1150 4 0.004 0.0125 200 3080.61 0.07 0.007 90 365 10 2963.81 
1151 4 0.004 0.0125 400 3080.61 0.07 0.007 90 365 10 2963.81 
1152 4 0.004 0.0125 200 3080.61 0.07 0.007 90 365 10 2978.41 
1153 4 0.004 0.0125 400 3080.61 0.07 0.007 90 365 10 2978.41 
1154 4 0.004 0.0125 200 3080.61 0.07 0.007 90 365 10 2993.01 
1155 4 0.004 0.0125 400 3080.61 0.07 0.007 90 365 10 2993.01 
1156 4 0.004 0.0125 200 3080.61 0.07 0.007 90 365 10 3007.61 
1157 4 0.004 0.0125 400 3080.61 0.07 0.007 90 365 10 3007.61 
1158 4 0.004 0.0125 200 3080.61 0.07 0.007 90 365 10 3022.2 
1159 4 0.004 0.0125 400 3080.61 0.07 0.007 90 365 10 3022.2 
1160 4 0.004 0.0125 200 3080.61 0.07 0.007 90 365 10 3036.8 
1161 4 0.004 0.0125 400 3080.61 0.07 0.007 90 365 10 3036.8 
1162 4 0.004 0.0125 200 3080.61 0.07 0.007 90 365 10 3051.4 
1163 4 0.004 0.0125 400 3080.61 0.07 0.007 90 365 10 3051.4 
1164 4 0.004 0.0125 200 3080.61 0.07 0.007 90 365 10 3066 
1165 4 0.004 0.0125 400 3080.61 0.07 0.007 90 365 10 3066 
1166 4 0.004 0.0125 200 3080.61 0.07 0.007 90 365 10 3080.6 
1167 4 0.004 0.0125 400 3080.61 0.07 0.007 90 365 10 3080.6 
1168 4 0.004 0.0125 200 3080.61 0.07 0.007 90 365 10 3095.2 
1169 4 0.004 0.0125 400 3080.61 0.07 0.007 90 365 10 3095.2 
1170 4 0.004 0.0125 200 3080.61 0.07 0.007 90 365 10 3109.8 
1171 4 0.004 0.0125 400 3080.61 0.07 0.007 90 365 10 3109.8 
1172 4 0.004 0.0125 200 3080.61 0.07 0.007 90 365 10 3124.4 
1173 4 0.004 0.0125 400 3080.61 0.07 0.007 90 365 10 3124.4 
1174 4 0.004 0.0125 200 3080.61 0.07 0.007 90 365 10 3139 
1175 4 0.004 0.0125 400 3080.61 0.07 0.007 90 365 10 3139 
1176 4 0.004 0.0125 200 3080.61 0.07 0.007 90 365 10 3153.6 
1177 4 0.004 0.0125 400 3080.61 0.07 0.007 90 365 10 3153.6 
1178 4 0.004 0.0125 200 3080.61 0.07 0.007 90 365 10 3168.2 
1179 4 0.004 0.0125 400 3080.61 0.07 0.007 90 365 10 3168.2 
1180 4 0.004 0.0125 200 3080.61 0.07 0.007 90 365 10 3182.8 
1181 4 0.004 0.0125 400 3080.61 0.07 0.007 90 365 10 3182.8 
1182 4 0.004 0.0125 200 3080.61 0.07 0.007 90 365 10 3197.39 
1183 4 0.004 0.0125 400 3080.61 0.07 0.007 90 365 10 3197.39 
1184 4 0.004 0.0125 200 3080.61 0.07 0.007 90 365 10 3211.99 
1185 4 0.004 0.0125 400 3080.61 0.07 0.007 90 365 10 3211.99 
1186 4 0.004 0.0125 200 3080.61 0.07 0.007 90 365 10 3226.59 
1187 4 0.004 0.0125 400 3080.61 0.07 0.007 90 365 10 3226.59 
1188 4 0.004 0.0125 200 3080.61 0.07 0.007 90 365 10 3241.19 
1189 4 0.004 0.0125 400 3080.61 0.07 0.007 90 365 10 3241.19 
1190 4 0.004 0.0125 200 3080.61 0.07 0.007 90 365 10 3255.79 
1191 4 0.004 0.0125 400 3080.61 0.07 0.007 90 365 10 3255.79 
1192 4 0.004 0.0125 200 3080.61 0.07 0.007 90 365 10 3270.39 
1193 4 0.004 0.0125 400 3080.61 0.07 0.007 90 365 10 3270.39 
1194 4 0.004 0.0125 200 3080.61 0.07 0.007 90 365 10 3284.99 
1195 4 0.004 0.0125 400 3080.61 0.07 0.007 90 365 10 3284.99 
1196 4 0.004 0.0187 200 3080.61 0.07 0.007 90 365 10 2920.01 
1197 4 0.004 0.0187 400 3080.61 0.07 0.007 90 365 10 2920.01 
1198 4 0.004 0.0187 200 3080.61 0.07 0.007 90 365 10 2934.61 
1199 4 0.004 0.0187 400 3080.61 0.07 0.007 90 365 10 2934.61 
1200 4 0.004 0.0187 200 3080.61 0.07 0.007 90 365 10 2949.21 
1201 4 0.004 0.0187 400 3080.61 0.07 0.007 90 365 10 2949.21 
1202 4 0.004 0.0187 200 3080.61 0.07 0.007 90 365 10 2963.81 
1203 4 0.004 0.0187 400 3080.61 0.07 0.007 90 365 10 2963.81 
1204 4 0.004 0.0187 200 3080.61 0.07 0.007 90 365 10 2978.41 
1205 4 0.004 0.0187 400 3080.61 0.07 0.007 90 365 10 2978.41 
1206 4 0.004 0.0187 200 3080.61 0.07 0.007 90 365 10 2993.01 
1207 4 0.004 0.0187 400 3080.61 0.07 0.007 90 365 10 2993.01 
1208 4 0.004 0.0187 200 3080.61 0.07 0.007 90 365 10 3007.61 
1209 4 0.004 0.0187 400 3080.61 0.07 0.007 90 365 10 3007.61 
1210 4 0.004 0.0187 200 3080.61 0.07 0.007 90 365 10 3022.2 
1211 4 0.004 0.0187 400 3080.61 0.07 0.007 90 365 10 3022.2 
1212 4 0.004 0.0187 200 3080.61 0.07 0.007 90 365 10 3036.8 
1213 4 0.004 0.0187 400 3080.61 0.07 0.007 90 365 10 3036.8 
1214 4 0.004 0.0187 200 3080.61 0.07 0.007 90 365 10 3051.4 
1215 4 0.004 0.0187 400 3080.61 0.07 0.007 90 365 10 3051.4 
1216 4 0.004 0.0187 200 3080.61 0.07 0.007 90 365 10 3066 
1217 4 0.004 0.0187 400 3080.61 0.07 0.007 90 365 10 3066 
1218 4 0.004 0.0187 200 3080.61 0.07 0.007 90 365 10 3080.6 
1219 4 0.004 0.0187 400 3080.61 0.07 0.007 90 365 10 3080.6 
1220 4 0.004 0.0187 200 3080.61 0.07 0.007 90 365 10 3095.2 
1221 4 0.004 0.0187 400 3080.61 0.07 0.007 90 365 10 3095.2 
1222 4 0.004 0.0187 200 3080.61 0.07 0.007 90 365 10 3109.8 
1223 4 0.004 0.0187 400 3080.61 0.07 0.007 90 365 10 3109.8 
1224 4 0.004 0.0187 200 3080.61 0.07 0.007 90 365 10 3124.4 
1225 4 0.004 0.0187 400 3080.61 0.07 0.007 90 365 10 3124.4 
1226 4 0.004 0.0187 200 3080.61 0.07 0.007 90 365 10 3139 
1227 4 0.004 0.0187 400 3080.61 0.07 0.007 90 365 10 3139 
1228 4 0.004 0.0187 200 3080.61 0.07 0.007 90 365 10 3153.6 
1229 4 0.004 0.0187 400 3080.61 0.07 0.007 90 365 10 3153.6 
1230 4 0.004 0.0187 200 3080.61 0.07 0.007 90 365 10 3168.2 
1231 4 0.004 0.0187 400 3080.61 0.07 0.007 90 365 10 3168.2 
1232 4 0.004 0.0187 200 3080.61 0.07 0.007 90 365 10 3182.8 
1233 4 0.004 0.0187 400 3080.61 0.07 0.007 90 365 10 3182.8 
1234 4 0.004 0.0187 200 3080.61 0.07 0.007 90 365 10 3197.39 
1235 4 0.004 0.0187 400 3080.61 0.07 0.007 90 365 10 3197.39 
1236 4 0.004 0.0187 200 3080.61 0.07 0.007 90 365 10 3211.99 
1237 4 0.004 0.0187 400 3080.61 0.07 0.007 90 365 10 3211.99 
1238 4 0.004 0.0187 200 3080.61 0.07 0.007 90 365 10 3226.59 
1239 4 0.004 0.0187 400 3080.61 0.07 0.007 90 365 10 3226.59 
1240 4 0.004 0.0187 200 3080.61 0.07 0.007 90 365 10 3241.19 
1241 4 0.004 0.0187 400 3080.61 0.07 0.007 90 365 10 3241.19 
1242 4 0.004 0.0187 200 3080.61 0.07 0.007 90 365 10 3255.79 
1243 4 0.004 0.0187 400 3080.61 0.07 0.007 90 365 10 3255.79 
1244 4 0.004 0.0187 200 3080.61 0.07 0.007 90 365 10 3270.39 
1245 4 0.004 0.0187 400 3080.61 0.07 0.007 90 365 10 3270.39 
1246 4 0.004 0.0187 200 3080.61 0.07 0.007 90 365 10 3284.99 
1247 4 0.004 0.0187 400 3080.61 0.07 0.007 90 365 10 3284.99 
1248 4 0.004 0.0125 200 3095.2 0.07 0.007 90 365 10 2920.01 
1249 4 0.004 0.0125 400 3095.2 0.07 0.007 90 365 10 2920.01 
1250 4 0.004 0.0125 200 3095.2 0.07 0.007 90 365 10 2934.61 
1251 4 0.004 0.0125 400 3095.2 0.07 0.007 90 365 10 2934.61 
1252 4 0.004 0.0125 200 3095.2 0.07 0.007 90 365 10 2949.21 
1253 4 0.004 0.0125 400 3095.2 0.07 0.007 90 365 10 2949.21 
1254 4 0.004 0.0125 200 3095.2 0.07 0.007 90 365 10 2963.81 
1255 4 0.004 0.0125 400 3095.2 0.07 0.007 90 365 10 2963.81 
1256 4 0.004 0.0125 200 3095.2 0.07 0.007 90 365 10 2978.41 
1257 4 0.004 0.0125 400 3095.2 0.07 0.007 90 365 10 2978.41 
1258 4 0.004 0.0125 200 3095.2 0.07 0.007 90 365 10 2993.01 
1259 4 0.004 0.0125 400 3095.2 0.07 0.007 90 365 10 2993.01 
1260 4 0.004 0.0125 200 3095.2 0.07 0.007 90 365 10 3007.61 
1261 4 0.004 0.0125 400 3095.2 0.07 0.007 90 365 10 3007.61 
1262 4 0.004 0.0125 200 3095.2 0.07 0.007 90 365 10 3022.2 
1263 4 0.004 0.0125 400 3095.2 0.07 0.007 90 365 10 3022.2 
1264 4 0.004 0.0125 200 3095.2 0.07 0.007 90 365 10 3036.8 
1265 4 0.004 0.0125 400 3095.2 0.07 0.007 90 365 10 3036.8 
1266 4 0.004 0.0125 200 3095.2 0.07 0.007 90 365 10 3051.4 
1267 4 0.004 0.0125 400 3095.2 0.07 0.007 90 365 10 3051.4 
1268 4 0.004 0.0125 200 3095.2 0.07 0.007 90 365 10 3066 
1269 4 0.004 0.0125 400 3095.2 0.07 0.007 90 365 10 3066 
1270 4 0.004 0.0125 200 3095.2 0.07 0.007 90 365 10 3080.6 
1271 4 0.004 0.0125 400 3095.2 0.07 0.007 90 365 10 3080.6 
1272 4 0.004 0.0125 200 3095.2 0.07 0.007 90 365 10 3095.2 
1273 4 0.004 0.0125 400 3095.2 0.07 0.007 90 365 10 3095.2 
1274 4 0.004 0.0125 200 3095.2 0.07 0.007 90 365 10 3109.8 
1275 4 0.004 0.0125 400 3095.2 0.07 0.007 90 365 10 3109.8 
1276 4 0.004 0.0125 200 3095.2 0.07 0.007 90 365 10 3124.4 
1277 4 0.004 0.0125 400 3095.2 0.07 0.007 90 365 10 3124.4 
1278 4 0.004 0.0125 200 3095.2 0.07 0.007 90 365 10 3139 
1279 4 0.004 0.0125 400 3095.2 0.07 0.007 90 365 10 3139 
1280 4 0.004 0.0125 200 3095.2 0.07 0.007 90 365 10 3153.6 
1281 4 0.004 0.0125 400 3095.2 0.07 0.007 90 365 10 3153.6 
1282 4 0.004 0.0125 200 3095.2 0.07 0.007 90 365 10 3168.2 
1283 4 0.004 0.0125 400 3095.2 0.07 0.007 90 365 10 3168.2 
1284 4 0.004 0.0125 200 3095.2 0.07 0.007 90 365 10 3182.8 
1285 4 0.004 0.0125 400 3095.2 0.07 0.007 90 365 10 3182.8 
1286 4 0.004 0.0125 200 3095.2 0.07 0.007 90 365 10 3197.39 
1287 4 0.004 0.0125 400 3095.2 0.07 0.007 90 365 10 3197.39 
1288 4 0.004 0.0125 200 3095.2 0.07 0.007 90 365 10 3211.99 
1289 4 0.004 0.0125 400 3095.2 0.07 0.007 90 365 10 3211.99 
1290 4 0.004 0.0125 200 3095.2 0.07 0.007 90 365 10 3226.59 
1291 4 0.004 0.0125 400 3095.2 0.07 0.007 90 365 10 3226.59 
1292 4 0.004 0.0125 200 3095.2 0.07 0.007 90 365 10 3241.19 
1293 4 0.004 0.0125 400 3095.2 0.07 0.007 90 365 10 3241.19 
1294 4 0.004 0.0125 200 3095.2 0.07 0.007 90 365 10 3255.79 
1295 4 0.004 0.0125 400 3095.2 0.07 0.007 90 365 10 3255.79 
1296 4 0.004 0.0125 200 3095.2 0.07 0.007 90 365 10 3270.39 
1297 4 0.004 0.0125 400 3095.2 0.07 0.007 90 365 10 3270.39 
1298 4 0.004 0.0125 200 3095.2 0.07 0.007 90 365 10 3284.99 
1299 4 0.004 0.0125 400 3095.2 0.07 0.007 90 365 10 3284.99 
1300 4 0.004 0.0187 200 3095.2 0.07 0.007 90 365 10 2920.01 
1301 4 0.004 0.0187 400 3095.2 0.07 0.007 90 365 10 2920.01 
1302 4 0.004 0.0187 200 3095.2 0.07 0.007 90 365 10 2934.61 
1303 4 0.004 0.0187 400 3095.2 0.07 0.007 90 365 10 2934.61 
1304 4 0.004 0.0187 200 3095.2 0.07 0.007 90 365 10 2949.21 
1305 4 0.004 0.0187 400 3095.2 0.07 0.007 90 365 10 2949.21 
1306 4 0.004 0.0187 200 3095.2 0.07 0.007 90 365 10 2963.81 
1307 4 0.004 0.0187 400 3095.2 0.07 0.007 90 365 10 2963.81 
1308 4 0.004 0.0187 200 3095.2 0.07 0.007 90 365 10 2978.41 
1309 4 0.004 0.0187 400 3095.2 0.07 0.007 90 365 10 2978.41 
1310 4 0.004 0.0187 200 3095.2 0.07 0.007 90 365 10 2993.01 
1311 4 0.004 0.0187 400 3095.2 0.07 0.007 90 365 10 2993.01 
1312 4 0.004 0.0187 200 3095.2 0.07 0.007 90 365 10 3007.61 
1313 4 0.004 0.0187 400 3095.2 0.07 0.007 90 365 10 3007.61 
1314 4 0.004 0.0187 200 3095.2 0.07 0.007 90 365 10 3022.2 
1315 4 0.004 0.0187 400 3095.2 0.07 0.007 90 365 10 3022.2 
1316 4 0.004 0.0187 200 3095.2 0.07 0.007 90 365 10 3036.8 
1317 4 0.004 0.0187 400 3095.2 0.07 0.007 90 365 10 3036.8 
1318 4 0.004 0.0187 200 3095.2 0.07 0.007 90 365 10 3051.4 
1319 4 0.004 0.0187 400 3095.2 0.07 0.007 90 365 10 3051.4 
1320 4 0.004 0.0187 200 3095.2 0.07 0.007 90 365 10 3066 
1321 4 0.004 0.0187 400 3095.2 0.07 0.007 90 365 10 3066 
1322 4 0.004 0.0187 200 3095.2 0.07 0.007 90 365 10 3080.6 
1323 4 0.004 0.0187 400 3095.2 0.07 0.007 90 365 10 3080.6 
1324 4 0.004 0.0187 200 3095.2 0.07 0.007 90 365 10 3095.2 
1325 4 0.004 0.0187 400 3095.2 0.07 0.007 90 365 10 3095.2 
1326 4 0.004 0.0187 200 3095.2 0.07 0.007 90 365 10 3109.8 
1327 4 0.004 0.0187 400 3095.2 0.07 0.007 90 365 10 3109.8 
1328 4 0.004 0.0187 200 3095.2 0.07 0.007 90 365 10 3124.4 
1329 4 0.004 0.0187 400 3095.2 0.07 0.007 90 365 10 3124.4 
1330 4 0.004 0.0187 200 3095.2 0.07 0.007 90 365 10 3139 
1331 4 0.004 0.0187 400 3095.2 0.07 0.007 90 365 10 3139 
1332 4 0.004 0.0187 200 3095.2 0.07 0.007 90 365 10 3153.6 
1333 4 0.004 0.0187 400 3095.2 0.07 0.007 90 365 10 3153.6 
1334 4 0.004 0.0187 200 3095.2 0.07 0.007 90 365 10 3168.2 
1335 4 0.004 0.0187 400 3095.2 0.07 0.007 90 365 10 3168.2 
1336 4 0.004 0.0187 200 3095.2 0.07 0.007 90 365 10 3182.8 
1337 4 0.004 0.0187 400 3095.2 0.07 0.007 90 365 10 3182.8 
1338 4 0.004 0.0187 200 3095.2 0.07 0.007 90 365 10 3197.39 
1339 4 0.004 0.0187 400 3095.2 0.07 0.007 90 365 10 3197.39 
1340 4 0.004 0.0187 200 3095.2 0.07 0.007 90 365 10 3211.99 
1341 4 0.004 0.0187 400 3095.2 0.07 0.007 90 365 10 3211.99 
1342 4 0.004 0.0187 200 3095.2 0.07 0.007 90 365 10 3226.59 
1343 4 0.004 0.0187 400 3095.2 0.07 0.007 90 365 10 3226.59 
1344 4 0.004 0.0187 200 3095.2 0.07 0.007 90 365 10 3241.19 
1345 4 0.004 0.0187 400 3095.2 0.07 0.007 90 365 10 3241.19 
1346 4 0.004 0.0187 200 3095.2 0.07 0.007 90 365 10 3255.79 
1347 4 0.004 0.0187 400 3095.2 0.07 0.007 90 365 10 3255.79 
1348 4 0.004 0.0187 200 3095.2 0.07 0.007 90 365 10 3270.39 
1349 4 0.004 0.0187 400 3095.2 0.07 0.007 90 365 10 3270.39 
1350 4 0.004 0.0187 200 3095.2 0.07 0.007 90 365 10 3284.99 
1351 4 0.004 0.0187 400 3095.2 0.07 0.007 90 365 10 3284.99 
