0 400 0.004 1e-05 5000 1 0.007 0.007 90 365 100 1825 
1 400 0.004 2e-05 5000 1 0.007 0.007 90 365 100 1825 
2 400 0.004 3e-05 5000 1 0.007 0.007 90 365 100 1825 
3 400 0.004 4e-05 5000 1 0.007 0.007 90 365 100 1825 
4 400 0.004 5e-05 5000 1 0.007 0.007 90 365 100 1825 
5 400 0.004 6e-05 5000 1 0.007 0.007 90 365 100 1825 
6 400 0.004 7e-05 5000 1 0.007 0.007 90 365 100 1825 
7 400 0.004 8e-05 5000 1 0.007 0.007 90 365 100 1825 
8 400 0.004 9e-05 5000 1 0.007 0.007 90 365 100 1825 
9 400 0.004 0.0001 5000 1 0.007 0.007 90 365 100 1825 
10 400 0.004 1e-05 5000 15.56 0.007 0.007 90 365 100 1825 
11 400 0.004 2e-05 5000 15.56 0.007 0.007 90 365 100 1825 
12 400 0.004 3e-05 5000 15.56 0.007 0.007 90 365 100 1825 
13 400 0.004 4e-05 5000 15.56 0.007 0.007 90 365 100 1825 
14 400 0.004 5e-05 5000 15.56 0.007 0.007 90 365 100 1825 
15 400 0.004 6e-05 5000 15.56 0.007 0.007 90 365 100 1825 
16 400 0.004 7e-05 5000 15.56 0.007 0.007 90 365 100 1825 
17 400 0.004 8e-05 5000 15.56 0.007 0.007 90 365 100 1825 
18 400 0.004 9e-05 5000 15.56 0.007 0.007 90 365 100 1825 
19 400 0.004 0.0001 5000 15.56 0.007 0.007 90 365 100 1825 
20 400 0.004 1e-05 5000 30.12 0.007 0.007 90 365 100 1825 
21 400 0.004 2e-05 5000 30.12 0.007 0.007 90 365 100 1825 
22 400 0.004 3e-05 5000 30.12 0.007 0.007 90 365 100 1825 
23 400 0.004 4e-05 5000 30.12 0.007 0.007 90 365 100 1825 
24 400 0.004 5e-05 5000 30.12 0.007 0.007 90 365 100 1825 
25 400 0.004 6e-05 5000 30.12 0.007 0.007 90 365 100 1825 
26 400 0.004 7e-05 5000 30.12 0.007 0.007 90 365 100 1825 
27 400 0.004 8e-05 5000 30.12 0.007 0.007 90 365 100 1825 
28 400 0.004 9e-05 5000 30.12 0.007 0.007 90 365 100 1825 
29 400 0.004 0.0001 5000 30.12 0.007 0.007 90 365 100 1825 
30 400 0.004 1e-05 5000 44.68 0.007 0.007 90 365 100 1825 
31 400 0.004 2e-05 5000 44.68 0.007 0.007 90 365 100 1825 
32 400 0.004 3e-05 5000 44.68 0.007 0.007 90 365 100 1825 
33 400 0.004 4e-05 5000 44.68 0.007 0.007 90 365 100 1825 
34 400 0.004 5e-05 5000 44.68 0.007 0.007 90 365 100 1825 
35 400 0.004 6e-05 5000 44.68 0.007 0.007 90 365 100 1825 
36 400 0.004 7e-05 5000 44.68 0.007 0.007 90 365 100 1825 
37 400 0.004 8e-05 5000 44.68 0.007 0.007 90 365 100 1825 
38 400 0.004 9e-05 5000 44.68 0.007 0.007 90 365 100 1825 
39 400 0.004 0.0001 5000 44.68 0.007 0.007 90 365 100 1825 
40 400 0.004 1e-05 5000 59.24 0.007 0.007 90 365 100 1825 
41 400 0.004 2e-05 5000 59.24 0.007 0.007 90 365 100 1825 
42 400 0.004 3e-05 5000 59.24 0.007 0.007 90 365 100 1825 
43 400 0.004 4e-05 5000 59.24 0.007 0.007 90 365 100 1825 
44 400 0.004 5e-05 5000 59.24 0.007 0.007 90 365 100 1825 
45 400 0.004 6e-05 5000 59.24 0.007 0.007 90 365 100 1825 
46 400 0.004 7e-05 5000 59.24 0.007 0.007 90 365 100 1825 
47 400 0.004 8e-05 5000 59.24 0.007 0.007 90 365 100 1825 
48 400 0.004 9e-05 5000 59.24 0.007 0.007 90 365 100 1825 
49 400 0.004 0.0001 5000 59.24 0.007 0.007 90 365 100 1825 
50 400 0.004 1e-05 5000 73.8 0.007 0.007 90 365 100 1825 
51 400 0.004 2e-05 5000 73.8 0.007 0.007 90 365 100 1825 
52 400 0.004 3e-05 5000 73.8 0.007 0.007 90 365 100 1825 
53 400 0.004 4e-05 5000 73.8 0.007 0.007 90 365 100 1825 
54 400 0.004 5e-05 5000 73.8 0.007 0.007 90 365 100 1825 
55 400 0.004 6e-05 5000 73.8 0.007 0.007 90 365 100 1825 
56 400 0.004 7e-05 5000 73.8 0.007 0.007 90 365 100 1825 
57 400 0.004 8e-05 5000 73.8 0.007 0.007 90 365 100 1825 
58 400 0.004 9e-05 5000 73.8 0.007 0.007 90 365 100 1825 
59 400 0.004 0.0001 5000 73.8 0.007 0.007 90 365 100 1825 
60 400 0.004 1e-05 5000 88.36 0.007 0.007 90 365 100 1825 
61 400 0.004 2e-05 5000 88.36 0.007 0.007 90 365 100 1825 
62 400 0.004 3e-05 5000 88.36 0.007 0.007 90 365 100 1825 
63 400 0.004 4e-05 5000 88.36 0.007 0.007 90 365 100 1825 
64 400 0.004 5e-05 5000 88.36 0.007 0.007 90 365 100 1825 
65 400 0.004 6e-05 5000 88.36 0.007 0.007 90 365 100 1825 
66 400 0.004 7e-05 5000 88.36 0.007 0.007 90 365 100 1825 
67 400 0.004 8e-05 5000 88.36 0.007 0.007 90 365 100 1825 
68 400 0.004 9e-05 5000 88.36 0.007 0.007 90 365 100 1825 
69 400 0.004 0.0001 5000 88.36 0.007 0.007 90 365 100 1825 
70 400 0.004 1e-05 5000 102.92 0.007 0.007 90 365 100 1825 
71 400 0.004 2e-05 5000 102.92 0.007 0.007 90 365 100 1825 
72 400 0.004 3e-05 5000 102.92 0.007 0.007 90 365 100 1825 
73 400 0.004 4e-05 5000 102.92 0.007 0.007 90 365 100 1825 
74 400 0.004 5e-05 5000 102.92 0.007 0.007 90 365 100 1825 
75 400 0.004 6e-05 5000 102.92 0.007 0.007 90 365 100 1825 
76 400 0.004 7e-05 5000 102.92 0.007 0.007 90 365 100 1825 
77 400 0.004 8e-05 5000 102.92 0.007 0.007 90 365 100 1825 
78 400 0.004 9e-05 5000 102.92 0.007 0.007 90 365 100 1825 
79 400 0.004 0.0001 5000 102.92 0.007 0.007 90 365 100 1825 
80 400 0.004 1e-05 5000 117.48 0.007 0.007 90 365 100 1825 
81 400 0.004 2e-05 5000 117.48 0.007 0.007 90 365 100 1825 
82 400 0.004 3e-05 5000 117.48 0.007 0.007 90 365 100 1825 
83 400 0.004 4e-05 5000 117.48 0.007 0.007 90 365 100 1825 
84 400 0.004 5e-05 5000 117.48 0.007 0.007 90 365 100 1825 
85 400 0.004 6e-05 5000 117.48 0.007 0.007 90 365 100 1825 
86 400 0.004 7e-05 5000 117.48 0.007 0.007 90 365 100 1825 
87 400 0.004 8e-05 5000 117.48 0.007 0.007 90 365 100 1825 
88 400 0.004 9e-05 5000 117.48 0.007 0.007 90 365 100 1825 
89 400 0.004 0.0001 5000 117.48 0.007 0.007 90 365 100 1825 
90 400 0.004 1e-05 5000 132.04 0.007 0.007 90 365 100 1825 
91 400 0.004 2e-05 5000 132.04 0.007 0.007 90 365 100 1825 
92 400 0.004 3e-05 5000 132.04 0.007 0.007 90 365 100 1825 
93 400 0.004 4e-05 5000 132.04 0.007 0.007 90 365 100 1825 
94 400 0.004 5e-05 5000 132.04 0.007 0.007 90 365 100 1825 
95 400 0.004 6e-05 5000 132.04 0.007 0.007 90 365 100 1825 
96 400 0.004 7e-05 5000 132.04 0.007 0.007 90 365 100 1825 
97 400 0.004 8e-05 5000 132.04 0.007 0.007 90 365 100 1825 
98 400 0.004 9e-05 5000 132.04 0.007 0.007 90 365 100 1825 
99 400 0.004 0.0001 5000 132.04 0.007 0.007 90 365 100 1825 
100 400 0.004 1e-05 5000 146.6 0.007 0.007 90 365 100 1825 
101 400 0.004 2e-05 5000 146.6 0.007 0.007 90 365 100 1825 
102 400 0.004 3e-05 5000 146.6 0.007 0.007 90 365 100 1825 
103 400 0.004 4e-05 5000 146.6 0.007 0.007 90 365 100 1825 
104 400 0.004 5e-05 5000 146.6 0.007 0.007 90 365 100 1825 
105 400 0.004 6e-05 5000 146.6 0.007 0.007 90 365 100 1825 
106 400 0.004 7e-05 5000 146.6 0.007 0.007 90 365 100 1825 
107 400 0.004 8e-05 5000 146.6 0.007 0.007 90 365 100 1825 
108 400 0.004 9e-05 5000 146.6 0.007 0.007 90 365 100 1825 
109 400 0.004 0.0001 5000 146.6 0.007 0.007 90 365 100 1825 
110 400 0.004 1e-05 5000 161.16 0.007 0.007 90 365 100 1825 
111 400 0.004 2e-05 5000 161.16 0.007 0.007 90 365 100 1825 
112 400 0.004 3e-05 5000 161.16 0.007 0.007 90 365 100 1825 
113 400 0.004 4e-05 5000 161.16 0.007 0.007 90 365 100 1825 
114 400 0.004 5e-05 5000 161.16 0.007 0.007 90 365 100 1825 
115 400 0.004 6e-05 5000 161.16 0.007 0.007 90 365 100 1825 
116 400 0.004 7e-05 5000 161.16 0.007 0.007 90 365 100 1825 
117 400 0.004 8e-05 5000 161.16 0.007 0.007 90 365 100 1825 
118 400 0.004 9e-05 5000 161.16 0.007 0.007 90 365 100 1825 
119 400 0.004 0.0001 5000 161.16 0.007 0.007 90 365 100 1825 
120 400 0.004 1e-05 5000 175.72 0.007 0.007 90 365 100 1825 
121 400 0.004 2e-05 5000 175.72 0.007 0.007 90 365 100 1825 
122 400 0.004 3e-05 5000 175.72 0.007 0.007 90 365 100 1825 
123 400 0.004 4e-05 5000 175.72 0.007 0.007 90 365 100 1825 
124 400 0.004 5e-05 5000 175.72 0.007 0.007 90 365 100 1825 
125 400 0.004 6e-05 5000 175.72 0.007 0.007 90 365 100 1825 
126 400 0.004 7e-05 5000 175.72 0.007 0.007 90 365 100 1825 
127 400 0.004 8e-05 5000 175.72 0.007 0.007 90 365 100 1825 
128 400 0.004 9e-05 5000 175.72 0.007 0.007 90 365 100 1825 
129 400 0.004 0.0001 5000 175.72 0.007 0.007 90 365 100 1825 
130 400 0.004 1e-05 5000 190.28 0.007 0.007 90 365 100 1825 
131 400 0.004 2e-05 5000 190.28 0.007 0.007 90 365 100 1825 
132 400 0.004 3e-05 5000 190.28 0.007 0.007 90 365 100 1825 
133 400 0.004 4e-05 5000 190.28 0.007 0.007 90 365 100 1825 
134 400 0.004 5e-05 5000 190.28 0.007 0.007 90 365 100 1825 
135 400 0.004 6e-05 5000 190.28 0.007 0.007 90 365 100 1825 
136 400 0.004 7e-05 5000 190.28 0.007 0.007 90 365 100 1825 
137 400 0.004 8e-05 5000 190.28 0.007 0.007 90 365 100 1825 
138 400 0.004 9e-05 5000 190.28 0.007 0.007 90 365 100 1825 
139 400 0.004 0.0001 5000 190.28 0.007 0.007 90 365 100 1825 
140 400 0.004 1e-05 5000 204.84 0.007 0.007 90 365 100 1825 
141 400 0.004 2e-05 5000 204.84 0.007 0.007 90 365 100 1825 
142 400 0.004 3e-05 5000 204.84 0.007 0.007 90 365 100 1825 
143 400 0.004 4e-05 5000 204.84 0.007 0.007 90 365 100 1825 
144 400 0.004 5e-05 5000 204.84 0.007 0.007 90 365 100 1825 
145 400 0.004 6e-05 5000 204.84 0.007 0.007 90 365 100 1825 
146 400 0.004 7e-05 5000 204.84 0.007 0.007 90 365 100 1825 
147 400 0.004 8e-05 5000 204.84 0.007 0.007 90 365 100 1825 
148 400 0.004 9e-05 5000 204.84 0.007 0.007 90 365 100 1825 
149 400 0.004 0.0001 5000 204.84 0.007 0.007 90 365 100 1825 
150 400 0.004 1e-05 5000 219.4 0.007 0.007 90 365 100 1825 
151 400 0.004 2e-05 5000 219.4 0.007 0.007 90 365 100 1825 
152 400 0.004 3e-05 5000 219.4 0.007 0.007 90 365 100 1825 
153 400 0.004 4e-05 5000 219.4 0.007 0.007 90 365 100 1825 
154 400 0.004 5e-05 5000 219.4 0.007 0.007 90 365 100 1825 
155 400 0.004 6e-05 5000 219.4 0.007 0.007 90 365 100 1825 
156 400 0.004 7e-05 5000 219.4 0.007 0.007 90 365 100 1825 
157 400 0.004 8e-05 5000 219.4 0.007 0.007 90 365 100 1825 
158 400 0.004 9e-05 5000 219.4 0.007 0.007 90 365 100 1825 
159 400 0.004 0.0001 5000 219.4 0.007 0.007 90 365 100 1825 
160 400 0.004 1e-05 5000 233.96 0.007 0.007 90 365 100 1825 
161 400 0.004 2e-05 5000 233.96 0.007 0.007 90 365 100 1825 
162 400 0.004 3e-05 5000 233.96 0.007 0.007 90 365 100 1825 
163 400 0.004 4e-05 5000 233.96 0.007 0.007 90 365 100 1825 
164 400 0.004 5e-05 5000 233.96 0.007 0.007 90 365 100 1825 
165 400 0.004 6e-05 5000 233.96 0.007 0.007 90 365 100 1825 
166 400 0.004 7e-05 5000 233.96 0.007 0.007 90 365 100 1825 
167 400 0.004 8e-05 5000 233.96 0.007 0.007 90 365 100 1825 
168 400 0.004 9e-05 5000 233.96 0.007 0.007 90 365 100 1825 
169 400 0.004 0.0001 5000 233.96 0.007 0.007 90 365 100 1825 
170 400 0.004 1e-05 5000 248.52 0.007 0.007 90 365 100 1825 
171 400 0.004 2e-05 5000 248.52 0.007 0.007 90 365 100 1825 
172 400 0.004 3e-05 5000 248.52 0.007 0.007 90 365 100 1825 
173 400 0.004 4e-05 5000 248.52 0.007 0.007 90 365 100 1825 
174 400 0.004 5e-05 5000 248.52 0.007 0.007 90 365 100 1825 
175 400 0.004 6e-05 5000 248.52 0.007 0.007 90 365 100 1825 
176 400 0.004 7e-05 5000 248.52 0.007 0.007 90 365 100 1825 
177 400 0.004 8e-05 5000 248.52 0.007 0.007 90 365 100 1825 
178 400 0.004 9e-05 5000 248.52 0.007 0.007 90 365 100 1825 
179 400 0.004 0.0001 5000 248.52 0.007 0.007 90 365 100 1825 
180 400 0.004 1e-05 5000 263.08 0.007 0.007 90 365 100 1825 
181 400 0.004 2e-05 5000 263.08 0.007 0.007 90 365 100 1825 
182 400 0.004 3e-05 5000 263.08 0.007 0.007 90 365 100 1825 
183 400 0.004 4e-05 5000 263.08 0.007 0.007 90 365 100 1825 
184 400 0.004 5e-05 5000 263.08 0.007 0.007 90 365 100 1825 
185 400 0.004 6e-05 5000 263.08 0.007 0.007 90 365 100 1825 
186 400 0.004 7e-05 5000 263.08 0.007 0.007 90 365 100 1825 
187 400 0.004 8e-05 5000 263.08 0.007 0.007 90 365 100 1825 
188 400 0.004 9e-05 5000 263.08 0.007 0.007 90 365 100 1825 
189 400 0.004 0.0001 5000 263.08 0.007 0.007 90 365 100 1825 
190 400 0.004 1e-05 5000 277.64 0.007 0.007 90 365 100 1825 
191 400 0.004 2e-05 5000 277.64 0.007 0.007 90 365 100 1825 
192 400 0.004 3e-05 5000 277.64 0.007 0.007 90 365 100 1825 
193 400 0.004 4e-05 5000 277.64 0.007 0.007 90 365 100 1825 
194 400 0.004 5e-05 5000 277.64 0.007 0.007 90 365 100 1825 
195 400 0.004 6e-05 5000 277.64 0.007 0.007 90 365 100 1825 
196 400 0.004 7e-05 5000 277.64 0.007 0.007 90 365 100 1825 
197 400 0.004 8e-05 5000 277.64 0.007 0.007 90 365 100 1825 
198 400 0.004 9e-05 5000 277.64 0.007 0.007 90 365 100 1825 
199 400 0.004 0.0001 5000 277.64 0.007 0.007 90 365 100 1825 
200 400 0.004 1e-05 5000 292.2 0.007 0.007 90 365 100 1825 
201 400 0.004 2e-05 5000 292.2 0.007 0.007 90 365 100 1825 
202 400 0.004 3e-05 5000 292.2 0.007 0.007 90 365 100 1825 
203 400 0.004 4e-05 5000 292.2 0.007 0.007 90 365 100 1825 
204 400 0.004 5e-05 5000 292.2 0.007 0.007 90 365 100 1825 
205 400 0.004 6e-05 5000 292.2 0.007 0.007 90 365 100 1825 
206 400 0.004 7e-05 5000 292.2 0.007 0.007 90 365 100 1825 
207 400 0.004 8e-05 5000 292.2 0.007 0.007 90 365 100 1825 
208 400 0.004 9e-05 5000 292.2 0.007 0.007 90 365 100 1825 
209 400 0.004 0.0001 5000 292.2 0.007 0.007 90 365 100 1825 
210 400 0.004 1e-05 5000 306.76 0.007 0.007 90 365 100 1825 
211 400 0.004 2e-05 5000 306.76 0.007 0.007 90 365 100 1825 
212 400 0.004 3e-05 5000 306.76 0.007 0.007 90 365 100 1825 
213 400 0.004 4e-05 5000 306.76 0.007 0.007 90 365 100 1825 
214 400 0.004 5e-05 5000 306.76 0.007 0.007 90 365 100 1825 
215 400 0.004 6e-05 5000 306.76 0.007 0.007 90 365 100 1825 
216 400 0.004 7e-05 5000 306.76 0.007 0.007 90 365 100 1825 
217 400 0.004 8e-05 5000 306.76 0.007 0.007 90 365 100 1825 
218 400 0.004 9e-05 5000 306.76 0.007 0.007 90 365 100 1825 
219 400 0.004 0.0001 5000 306.76 0.007 0.007 90 365 100 1825 
220 400 0.004 1e-05 5000 321.32 0.007 0.007 90 365 100 1825 
221 400 0.004 2e-05 5000 321.32 0.007 0.007 90 365 100 1825 
222 400 0.004 3e-05 5000 321.32 0.007 0.007 90 365 100 1825 
223 400 0.004 4e-05 5000 321.32 0.007 0.007 90 365 100 1825 
224 400 0.004 5e-05 5000 321.32 0.007 0.007 90 365 100 1825 
225 400 0.004 6e-05 5000 321.32 0.007 0.007 90 365 100 1825 
226 400 0.004 7e-05 5000 321.32 0.007 0.007 90 365 100 1825 
227 400 0.004 8e-05 5000 321.32 0.007 0.007 90 365 100 1825 
228 400 0.004 9e-05 5000 321.32 0.007 0.007 90 365 100 1825 
229 400 0.004 0.0001 5000 321.32 0.007 0.007 90 365 100 1825 
230 400 0.004 1e-05 5000 335.88 0.007 0.007 90 365 100 1825 
231 400 0.004 2e-05 5000 335.88 0.007 0.007 90 365 100 1825 
232 400 0.004 3e-05 5000 335.88 0.007 0.007 90 365 100 1825 
233 400 0.004 4e-05 5000 335.88 0.007 0.007 90 365 100 1825 
234 400 0.004 5e-05 5000 335.88 0.007 0.007 90 365 100 1825 
235 400 0.004 6e-05 5000 335.88 0.007 0.007 90 365 100 1825 
236 400 0.004 7e-05 5000 335.88 0.007 0.007 90 365 100 1825 
237 400 0.004 8e-05 5000 335.88 0.007 0.007 90 365 100 1825 
238 400 0.004 9e-05 5000 335.88 0.007 0.007 90 365 100 1825 
239 400 0.004 0.0001 5000 335.88 0.007 0.007 90 365 100 1825 
240 400 0.004 1e-05 5000 350.44 0.007 0.007 90 365 100 1825 
241 400 0.004 2e-05 5000 350.44 0.007 0.007 90 365 100 1825 
242 400 0.004 3e-05 5000 350.44 0.007 0.007 90 365 100 1825 
243 400 0.004 4e-05 5000 350.44 0.007 0.007 90 365 100 1825 
244 400 0.004 5e-05 5000 350.44 0.007 0.007 90 365 100 1825 
245 400 0.004 6e-05 5000 350.44 0.007 0.007 90 365 100 1825 
246 400 0.004 7e-05 5000 350.44 0.007 0.007 90 365 100 1825 
247 400 0.004 8e-05 5000 350.44 0.007 0.007 90 365 100 1825 
248 400 0.004 9e-05 5000 350.44 0.007 0.007 90 365 100 1825 
249 400 0.004 0.0001 5000 350.44 0.007 0.007 90 365 100 1825 
250 400 0.004 1e-05 5000 365 0.007 0.007 90 365 100 1825 
251 400 0.004 2e-05 5000 365 0.007 0.007 90 365 100 1825 
252 400 0.004 3e-05 5000 365 0.007 0.007 90 365 100 1825 
253 400 0.004 4e-05 5000 365 0.007 0.007 90 365 100 1825 
254 400 0.004 5e-05 5000 365 0.007 0.007 90 365 100 1825 
255 400 0.004 6e-05 5000 365 0.007 0.007 90 365 100 1825 
256 400 0.004 7e-05 5000 365 0.007 0.007 90 365 100 1825 
257 400 0.004 8e-05 5000 365 0.007 0.007 90 365 100 1825 
258 400 0.004 9e-05 5000 365 0.007 0.007 90 365 100 1825 
259 400 0.004 0.0001 5000 365 0.007 0.007 90 365 100 1825 
