NPar b0 d Bp Nv tv gamv gamp tb T
0 100 0.004 5e-06 5000 1 0.007 0.007 300 365 
1 100 0.004 5e-06 5000 16.125 0.007 0.007 300 365 
2 100 0.004 5e-06 5000 31.25 0.007 0.007 300 365 
3 100 0.004 5e-06 5000 46.375 0.007 0.007 300 365 
4 100 0.004 5e-06 5000 61.5 0.007 0.007 300 365 
5 100 0.004 5e-06 5000 76.625 0.007 0.007 300 365 
6 100 0.004 5e-06 5000 91.75 0.007 0.007 300 365 
7 100 0.004 5e-06 5000 106.875 0.007 0.007 300 365 
8 100 0.004 5e-06 5000 122 0.007 0.007 300 365 
9 100 0.004 5e-06 5000 137.125 0.007 0.007 300 365 
10 100 0.004 5e-06 5000 152.25 0.007 0.007 300 365 
11 100 0.004 5e-06 5000 167.375 0.007 0.007 300 365 
12 100 0.004 5e-06 5000 182.5 0.007 0.007 300 365 
13 100 0.004 5e-06 5000 197.625 0.007 0.007 300 365 
14 100 0.004 5e-06 5000 212.75 0.007 0.007 300 365 
15 100 0.004 5e-06 5000 227.875 0.007 0.007 300 365 
16 100 0.004 5e-06 5000 243 0.007 0.007 300 365 
17 100 0.004 5e-06 5000 258.125 0.007 0.007 300 365 
18 100 0.004 5e-06 5000 273.25 0.007 0.007 300 365 
19 100 0.004 5e-06 5000 288.375 0.007 0.007 300 365 
20 100 0.004 5e-06 5000 303.5 0.007 0.007 300 365 
21 100 0.004 5e-06 5000 318.625 0.007 0.007 300 365 
22 100 0.004 5e-06 5000 333.75 0.007 0.007 300 365 
23 100 0.004 5e-06 5000 348.875 0.007 0.007 300 365 
24 100 0.004 5e-06 5000 364 0.007 0.007 300 365 
